You are a medical AI assistant analyzing diabetes management data. Based on the patient's health data, answer the following question accurately.

PATIENT DATA OVERVIEW:
This data represents a continuous glucose monitoring (CGM) session for a diabetes patient. The data includes:
- Blood glucose readings taken every 5 minutes, begining at Week 1, Day 1, 00:00 (normal range: 70-180 mg/dL)
- Carbohydrate intake events with timing and amounts
- Insulin delivery events (basal background insulin and bolus meal insulin)
- Physical activity events (running/cycling with duration and intensity)

The data may contain various artifacts, sensor issues, or abnormal patterns that need to be identified and analyzed.

Patient Health Data:

Blood Glucose Readings (mg/dL, every 5 minutes): 2885 readings
  Values: 108.0, 108.0, 108.0, 108.0, 108.0, 108.0, 108.0, 108.0, 108.0, 108.1, 108.1, 108.2, 108.3, 108.4, 108.6, 108.8, 108.9, 109.1, 109.3, 109.5, 109.6, 109.8, 109.9, 110.0, 110.1, 110.1, 110.2, 110.2, 110.2, 110.2, 110.2, 110.2, 110.2, 110.2, 110.2, 110.2, 110.2, 110.2, 110.2, 110.1, 110.1, 110.1, 110.1, 110.1, 110.1, 110.1, 110.1, 110.1, 110.1, 110.1, 110.1, 110.1, 110.1, 110.1, 110.1, 110.1, 110.1, 110.1, 110.1, 110.1, 110.1, 110.1, 110.1, 110.1, 110.1, 110.1, 110.1, 110.1, 110.1, 110.1, 110.1, 110.1, 110.2, 110.2, 110.2, 110.2, 110.2, 110.2, 108.7, 100.4, 89.1, 78.2, 69.0, 61.9, 57.7, 60.2, 66.0, 72.8, 79.2, 84.5, 89.0, 92.9, 96.2, 99.1, 101.4, 103.6, 105.7, 108.0, 110.5, 113.5, 116.9, 120.9, 125.4, 130.4, 135.9, 141.8, 147.8, 153.8, 159.6, 165.1, 170.1, 174.6, 178.6, 181.9, 184.5, 186.5, 188.0, 189.2, 190.1, 190.8, 191.0, 190.8, 190.0, 188.8, 187.0, 184.8, 182.2, 179.3, 176.1, 172.7, 169.2, 165.6, 161.9, 158.1, 154.4, 150.7, 147.0, 143.5, 140.0, 136.6, 133.3, 130.1, 127.1, 124.1, 121.3, 118.6, 116.0, 113.6, 111.2, 109.0, 106.9, 104.9, 103.1, 101.3, 99.6, 98.1, 96.7, 95.3, 94.1, 92.9, 91.8, 90.9, 90.0, 89.2, 88.4, 87.8, 87.3, 86.9, 86.9, 87.4, 88.5, 90.2, 92.7, 95.9, 99.8, 104.4, 109.5, 114.8, 120.3, 125.9, 131.4, 136.8, 142.0, 146.9, 151.5, 155.8, 159.7, 163.1, 166.2, 168.8, 171.0, 172.7, 174.0, 175.0, 176.1, 177.3, 178.3, 178.9, 179.1, 178.8, 178.1, 176.8, 175.2, 173.2, 170.9, 168.3, 165.5, 162.5, 159.4, 156.2, 152.9, 149.6, 146.4, 142.8, 136.4, 129.7, 123.3, 117.7, 115.8, 115.0, 114.3, 113.5, 112.5, 111.2, 109.7, 108.1, 106.4, 104.6, 102.9, 101.2, 99.5, 97.9, 96.4, 94.9, 93.5, 92.1, 90.9, 89.7, 88.6, 87.7, 87.1, 86.9, 87.2, 88.1, 89.5, 91.6, 94.3, 97.5, 101.1, 105.0, 109.0, 113.0, 116.9, 120.8, 124.5, 128.0, 131.2, 134.2, 136.9, 139.3, 141.4, 143.1, 144.5, 145.5, 146.3, 146.7, 146.7, 146.5, 146.0, 145.1, 144.1, 142.8, 141.3, 139.7, 137.9, 135.9, 133.9, 131.8, 129.7, 127.6, 125.4, 123.2, 121.1, 118.9, 116.8, 114.8, 112.8, 110.8, 109.0, 107.2, 105.4, 103.8, 102.2, 100.7, 99.3, 97.9, 96.7, 95.5, 94.4, 93.3, 92.4, 91.5, 90.7, 89.9, 89.3, 88.7, 88.1, 87.7, 87.3, 86.9, 86.7, 86.5, 86.3, 86.2, 86.2, 86.2, 86.3, 86.5, 86.7, 87.0, 87.3, 87.7, 88.2, 88.7, 89.2, 89.9, 90.5, 91.3, 92.1, 92.9, 93.8, 94.8, 95.8, 96.9, 98.0, 99.2, 100.4, 101.6, 102.8, 104.1, 105.3, 106.5, 107.6, 108.6, 109.6, 110.4, 111.2, 111.8, 112.3, 112.7, 113.0, 113.2, 113.3, 113.3, 113.2, 113.0, 112.8, 112.5, 112.2, 111.8, 111.4, 110.9, 110.4, 109.9, 109.3, 108.8, 106.9, 98.5, 87.7, 77.5, 68.9, 62.1, 57.8, 59.7, 64.5, 70.0, 75.0, 79.3, 82.9, 86.0, 88.8, 91.3, 93.4, 95.1, 96.5, 97.7, 98.9, 100.3, 101.9, 103.9, 106.4, 109.3, 112.7, 116.6, 121.0, 125.7, 130.7, 135.7, 140.6, 145.4, 150.0, 154.2, 158.0, 161.3, 164.2, 166.7, 168.7, 170.6, 172.5, 174.1, 175.5, 176.4, 176.9, 176.8, 176.2, 175.2, 173.7, 171.8, 169.7, 167.2, 164.6, 161.8, 158.8, 155.8, 152.7, 149.5, 146.4, 143.3, 140.3, 137.3, 134.4, 131.6, 128.8, 126.2, 123.7, 121.3, 118.9, 116.7, 114.6, 112.6, 110.7, 108.9, 107.2, 105.7, 104.2, 102.8, 101.5, 100.3, 99.1, 98.1, 97.3, 96.8, 96.8, 97.3, 98.5, 100.4, 103.0, 106.3, 110.2, 114.5, 119.1, 123.9, 128.6, 133.3, 137.8, 142.1, 146.1, 149.8, 153.1, 156.1, 158.7, 160.9, 162.7, 164.1, 165.1, 165.7, 166.0, 166.2, 166.4, 166.4, 166.2, 165.7, 164.9, 163.7, 162.2, 160.4, 158.4, 156.1, 153.6, 151.0, 148.3, 145.5, 142.7, 139.8, 137.0, 134.1, 131.3, 128.6, 125.9, 123.3, 120.8, 118.1, 112.7, 106.9, 101.5, 97.0, 96.0, 96.2, 96.5, 96.6, 96.6, 96.2, 95.7, 95.1, 94.5, 94.0, 93.8, 93.9, 94.5, 95.6, 97.1, 99.2, 101.8, 105.0, 108.5, 112.3, 116.2, 120.2, 124.2, 128.0, 131.7, 135.1, 138.2, 141.1, 143.6, 145.8, 147.6, 149.0, 150.1, 150.8, 151.1, 151.0, 150.6, 149.8, 148.7, 147.4, 145.8, 144.0, 142.1, 139.9, 137.7, 135.3, 132.9, 130.4, 128.0, 125.5, 123.0, 120.5, 118.1, 115.7, 113.3, 111.1, 108.9, 106.7, 104.7, 102.7, 100.8, 99.0, 97.3, 95.7, 94.2, 92.7, 91.3, 90.0, 88.8, 87.7, 86.6, 85.7, 84.8, 84.0, 83.2, 82.6, 82.0, 81.4, 81.0, 80.6, 80.3, 80.1, 79.9, 79.8, 79.7, 79.7, 79.8, 79.9, 80.1, 80.3, 80.6, 80.9, 81.3, 81.7, 82.2, 82.8, 83.4, 84.1, 84.8, 85.6, 86.4, 87.3, 88.3, 89.3, 90.3, 91.5, 92.6, 93.9, 95.2, 96.5, 97.9, 99.3, 100.7, 102.1, 103.5, 104.9, 106.3, 107.5, 108.7, 109.8, 110.8, 111.6, 112.4, 112.9, 113.4, 113.7, 113.9, 114.0, 114.0, 113.9, 113.7, 113.4, 113.1, 112.7, 112.2, 111.7, 111.1, 110.5, 109.9, 109.2, 108.5, 107.8, 107.1, 106.4, 105.7, 105.0, 104.3, 103.6, 101.7, 93.3, 82.5, 72.2, 63.6, 56.9, 52.6, 54.6, 59.4, 64.8, 69.8, 74.0, 77.5, 80.7, 83.6, 86.1, 88.3, 90.5, 92.8, 95.3, 98.3, 101.8, 105.8, 110.6, 116.0, 121.9, 128.3, 134.8, 141.4, 148.0, 154.4, 160.5, 166.2, 171.5, 176.3, 180.6, 184.4, 187.7, 190.3, 192.4, 193.9, 194.9, 195.2, 195.0, 194.4, 193.4, 192.4, 191.5, 190.8, 189.9, 188.8, 187.3, 185.5, 183.3, 180.7, 177.9, 174.8, 171.6, 168.2, 164.7, 161.2, 157.6, 154.1, 150.6, 147.1, 143.8, 140.5, 137.3, 134.2, 131.2, 128.4, 125.7, 123.1, 120.6, 118.2, 116.0, 113.8, 111.9, 110.3, 109.1, 108.5, 108.4, 108.9, 110.0, 111.7, 114.0, 116.7, 119.8, 123.0, 126.3, 129.6, 132.7, 135.6, 138.3, 140.8, 142.9, 144.7, 146.2, 147.4, 148.2, 148.7, 148.8, 148.6, 148.1, 147.3, 146.2, 144.9, 143.4, 141.7, 139.8, 137.8, 135.7, 133.6, 131.4, 129.4, 127.8, 126.4, 125.1, 123.9, 122.6, 121.2, 119.8, 118.4, 116.9, 115.4, 113.9, 112.4, 110.9, 109.4, 108.0, 106.6, 105.3, 104.0, 102.5, 98.4, 93.9, 89.8, 86.4, 86.6, 87.9, 89.3, 90.4, 91.2, 91.8, 92.1, 92.2, 92.1, 92.0, 91.7, 91.5, 91.2, 90.8, 90.5, 90.2, 89.9, 89.6, 89.4, 89.2, 89.0, 88.8, 88.7, 88.6, 88.5, 88.5, 88.7, 89.0, 89.6, 90.7, 92.2, 94.1, 96.6, 99.5, 103.0, 106.9, 111.2, 115.8, 120.5, 125.2, 129.8, 134.2, 138.4, 142.3, 145.8, 149.0, 151.8, 154.1, 156.1, 157.5, 158.6, 159.2, 159.4, 159.2, 158.5, 157.6, 156.3, 154.7, 152.9, 150.8, 148.5, 146.1, 143.6, 141.0, 138.3, 135.6, 132.9, 130.2, 127.5, 124.9, 122.3, 119.7, 117.2, 114.8, 112.5, 110.3, 108.1, 106.1, 104.1, 102.2, 100.4, 98.7, 97.1, 95.6, 94.2, 92.9, 91.7, 90.5, 89.4, 88.4, 87.5, 86.7, 86.0, 85.3, 84.7, 84.2, 83.7, 83.3, 83.0, 82.8, 82.6, 82.5, 82.4, 82.4, 82.5, 82.6, 82.8, 83.1, 83.4, 83.7, 84.2, 84.7, 85.2, 85.8, 86.4, 87.2, 87.9, 88.8, 89.6, 90.6, 91.6, 92.6, 93.8, 94.9, 96.1, 97.4, 98.7, 100.1, 101.4, 102.8, 104.1, 105.4, 106.7, 107.8, 108.9, 109.9, 110.8, 111.5, 112.1, 112.6, 113.0, 113.3, 113.4, 113.5, 113.4, 113.3, 113.1, 112.8, 112.5, 112.1, 110.3, 101.9, 90.8, 80.3, 71.5, 64.4, 59.7, 61.5, 66.2, 71.7, 77.0, 81.9, 86.7, 91.5, 96.6, 101.9, 107.5, 113.3, 119.1, 124.7, 130.2, 135.5, 140.5, 145.1, 149.3, 153.2, 156.6, 159.5, 161.9, 163.9, 165.5, 166.5, 167.1, 167.2, 167.0, 166.2, 165.2, 163.7, 162.0, 160.0, 157.7, 155.3, 152.7, 149.9, 147.1, 144.2, 141.3, 138.3, 135.4, 132.5, 129.7, 126.9, 124.1, 121.5, 119.1, 117.2, 115.6, 114.4, 113.2, 112.2, 111.1, 110.1, 109.0, 108.0, 106.9, 105.8, 104.7, 103.7, 102.6, 101.6, 100.7, 99.7, 98.8, 98.0, 97.5, 97.2, 97.2, 97.7, 98.6, 100.0, 101.8, 104.0, 106.7, 109.7, 113.0, 116.4, 119.8, 123.2, 126.4, 129.5, 132.4, 135.1, 137.4, 139.5, 141.3, 142.8, 143.9, 144.7, 145.2, 145.4, 145.2, 144.8, 144.1, 143.1, 141.9, 140.5, 139.0, 137.2, 135.4, 133.5, 131.5, 129.4, 127.3, 125.2, 123.1, 121.0, 119.0, 116.9, 114.9, 113.0, 111.1, 109.3, 107.6, 106.1, 105.1, 104.5, 104.1, 103.9, 103.7, 103.5, 103.3, 103.1, 102.8, 102.5, 102.1, 101.8, 101.1, 97.6, 93.6, 89.9, 87.0, 87.8, 89.7, 92.1, 94.6, 97.3, 100.1, 103.3, 106.8, 110.7, 114.8, 119.1, 123.4, 127.6, 131.8, 135.8, 139.5, 143.0, 146.2, 149.0, 151.5, 153.5, 155.2, 156.4, 157.3, 157.7, 157.7, 157.3, 156.6, 155.5, 154.1, 152.5, 150.5, 148.4, 146.1, 143.6, 141.0, 138.3, 135.6, 132.8, 130.0, 127.2, 124.4, 121.6, 118.9, 116.3, 113.7, 111.2, 108.7, 106.4, 104.1, 102.0, 99.9, 97.9, 96.0, 94.3, 92.6, 91.0, 89.4, 88.0, 86.7, 85.4, 84.3, 83.2, 82.2, 81.3, 80.5, 79.8, 79.1, 78.5, 78.0, 77.6, 77.3, 77.0, 76.7, 76.6, 76.5, 76.4, 76.5, 76.5, 76.7, 76.9, 77.1, 77.4, 77.7, 78.1, 78.6, 79.1, 79.6, 80.2, 80.8, 81.5, 82.3, 83.1, 83.9, 84.9, 85.8, 86.9, 87.9, 89.1, 90.3, 91.5, 92.8, 94.2, 95.6, 97.0, 98.5, 100.0, 101.5, 103.0, 104.5, 105.9, 107.3, 108.5, 109.7, 110.7, 111.7, 112.4, 113.1, 113.6, 113.9, 114.2, 114.3, 114.3, 114.3, 114.1, 113.9, 113.6, 113.3, 113.0, 112.6, 112.2, 111.8, 111.4, 110.9, 110.6, 110.2, 109.8, 109.5, 109.2, 109.0, 108.7, 108.6, 108.4, 108.3, 108.3, 108.3, 108.3, 107.2, 99.7, 90.1, 81.6, 75.7, 72.5, 72.9, 80.9, 93.2, 107.0, 120.6, 133.5, 145.3, 156.3, 166.3, 175.3, 183.2, 190.0, 195.7, 200.4, 204.1, 206.8, 208.7, 209.7, 210.0, 209.6, 208.5, 206.9, 204.7, 202.0, 198.9, 195.5, 191.8, 187.9, 183.7, 179.5, 175.1, 170.7, 166.3, 161.8, 157.4, 153.1, 148.8, 144.5, 140.4, 136.5, 133.0, 130.3, 128.0, 126.0, 124.1, 122.2, 120.3, 118.5, 116.6, 114.7, 112.8, 110.9, 109.0, 107.2, 105.4, 103.7, 102.0, 100.4, 98.8, 97.4, 96.0, 94.7, 93.5, 92.4, 91.4, 90.4, 89.5, 88.7, 88.0, 87.5, 87.3, 87.5, 88.2, 89.5, 91.3, 93.8, 97.0, 100.7, 104.8, 109.1, 113.6, 118.2, 122.7, 127.1, 131.4, 135.5, 139.3, 142.9, 146.1, 149.0, 151.6, 153.8, 155.7, 157.2, 158.3, 159.0, 159.4, 159.5, 159.1, 158.5, 157.5, 156.2, 154.7, 152.9, 150.9, 148.7, 146.3, 143.9, 141.3, 138.7, 136.0, 133.3, 130.6, 128.1, 125.9, 124.0, 122.1, 117.4, 112.2, 107.3, 103.2, 102.7, 103.2, 103.7, 103.9, 103.8, 103.4, 102.7, 101.8, 100.8, 99.8, 98.6, 97.5, 96.4, 95.3, 94.2, 93.2, 92.2, 91.3, 90.4, 89.7, 88.9, 88.3, 87.7, 87.1, 86.7, 86.3, 85.9, 85.7, 85.6, 85.8, 86.4, 87.6, 89.5, 92.0, 95.1, 99.0, 103.5, 108.3, 113.4, 118.7, 123.9, 129.1, 134.0, 138.7, 143.2, 147.3, 151.0, 154.3, 157.1, 159.6, 161.5, 163.0, 164.1, 164.7, 164.8, 164.5, 163.8, 162.7, 161.3, 159.5, 157.5, 155.2, 152.8, 150.1, 147.4, 144.5, 141.6, 138.6, 135.6, 132.6, 129.7, 126.8, 123.9, 121.1, 118.4, 115.7, 113.1, 110.7, 108.3, 106.0, 103.8, 101.8, 99.8, 97.9, 96.1, 94.4, 92.8, 91.3, 89.9, 88.6, 87.3, 86.2, 85.1, 84.0, 83.1, 82.2, 81.4, 80.6, 80.0, 79.3, 78.8, 78.3, 77.8, 77.4, 77.1, 76.8, 76.6, 76.4, 76.3, 76.2, 76.1, 76.1, 76.1, 76.2, 76.3, 76.5, 76.7, 76.9, 77.1, 77.4, 77.7, 78.1, 78.4, 78.8, 79.2, 79.6, 80.0, 80.4, 80.9, 81.4, 81.9, 82.4, 83.0, 83.6, 84.2, 84.8, 85.5, 86.2, 86.9, 87.7, 88.5, 89.3, 90.2, 91.1, 92.1, 93.1, 94.1, 95.2, 96.3, 97.5, 98.7, 99.9, 101.2, 102.4, 103.7, 104.9, 106.1, 107.2, 108.2, 109.2, 110.0, 109.3, 101.9, 91.5, 81.6, 73.3, 66.9, 63.0, 65.5, 71.3, 77.9, 84.4, 90.4, 96.3, 102.3, 108.7, 115.4, 122.3, 129.2, 136.0, 142.4, 148.4, 154.0, 159.0, 163.5, 167.4, 170.7, 173.4, 175.4, 176.9, 177.8, 178.2, 178.0, 177.4, 176.2, 174.7, 172.7, 170.5, 168.0, 165.2, 162.2, 159.1, 155.8, 152.5, 149.1, 145.8, 142.5, 139.6, 137.2, 135.1, 133.2, 131.4, 129.7, 127.8, 126.0, 124.1, 122.2, 120.2, 118.3, 116.4, 114.4, 112.6, 110.7, 109.0, 107.3, 105.6, 104.1, 102.6, 101.2, 99.9, 98.6, 97.5, 96.4, 95.4, 94.5, 93.7, 93.0, 92.3, 91.8, 91.3, 90.8, 90.5, 90.2, 90.0, 89.9, 89.8, 89.8, 89.9, 90.0, 90.2, 90.5, 90.8, 91.3, 92.0, 93.0, 94.3, 96.0, 98.2, 100.8, 103.9, 107.4, 111.4, 115.8, 120.6, 125.7, 131.0, 136.3, 141.6, 146.7, 151.6, 156.2, 160.4, 164.2, 167.6, 170.5, 172.9, 174.8, 176.2, 177.1, 177.5, 177.5, 177.4, 177.5, 177.6, 177.5, 177.1, 176.2, 174.9, 173.3, 171.0, 166.2, 159.9, 153.3, 147.3, 143.9, 142.4, 141.3, 140.1, 138.6, 136.7, 134.5, 132.1, 129.6, 127.0, 124.4, 121.7, 119.2, 116.7, 114.5, 112.7, 111.2, 110.3, 109.8, 109.9, 110.4, 111.5, 113.0, 114.9, 117.1, 119.3, 121.7, 123.9, 126.1, 128.1, 129.9, 131.5, 132.8, 133.9, 134.6, 135.2, 135.4, 135.4, 135.1, 134.5, 133.7, 132.8, 131.6, 130.3, 128.9, 127.3, 125.7, 124.0, 122.2, 120.4, 118.5, 116.7, 114.8, 113.0, 111.2, 109.4, 107.7, 106.0, 104.3, 102.7, 101.2, 99.7, 98.2, 96.9, 95.6, 94.3, 93.2, 92.0, 91.0, 90.0, 89.1, 88.3, 87.5, 86.8, 86.1, 85.5, 85.0, 84.5, 84.1, 83.8, 83.5, 83.3, 83.2, 83.1, 83.0, 83.1, 83.2, 83.3, 83.5, 83.7, 84.1, 84.4, 84.8, 85.3, 85.9, 86.4, 87.1, 87.8, 88.5, 89.4, 90.2, 91.1, 92.1, 93.2, 94.2, 95.4, 96.6, 97.8, 99.1, 100.4, 101.8, 103.1, 104.4, 105.7, 106.9, 108.0, 109.1, 110.1, 110.9, 111.6, 112.2, 112.7, 113.1, 113.3, 113.5, 113.6, 113.6, 113.5, 113.3, 113.1, 112.9, 112.6, 112.3, 112.0, 111.7, 111.3, 111.0, 110.7, 110.5, 110.2, 110.0, 109.7, 109.6, 109.4, 109.3, 109.2, 109.2, 109.2, 109.2, 109.3, 109.4, 109.5, 109.6, 109.7, 110.0, 109.2, 102.5, 93.7, 86.4, 81.8, 80.2, 82.3, 91.6, 104.7, 118.7, 132.1, 144.1, 154.9, 164.5, 173.0, 180.4, 186.6, 191.6, 195.6, 198.5, 200.5, 201.7, 202.1, 201.7, 200.7, 199.1, 197.0, 194.5, 191.6, 188.3, 184.8, 181.1, 177.3, 173.6, 170.5, 167.8, 165.5, 163.2, 160.9, 158.5, 156.0, 153.4, 150.7, 147.8, 144.9, 142.0, 139.1, 136.2, 133.3, 130.5, 127.7, 125.0, 122.4, 120.0, 117.6, 115.3, 113.1, 111.1, 109.1, 107.3, 105.5, 103.9, 102.4, 101.0, 99.7, 98.5, 97.3, 96.3, 95.4, 94.6, 93.8, 93.1, 92.6, 92.0, 91.6, 91.3, 91.0, 90.8, 90.7, 90.6, 90.6, 90.7, 90.9, 91.1, 91.4, 91.7, 92.1, 92.6, 93.2, 94.1, 95.2, 96.7, 98.6, 100.9, 103.7, 106.9, 110.7, 114.8, 119.4, 124.3, 129.4, 134.6, 139.7, 144.8, 149.6, 154.2, 158.4, 162.3, 165.8, 168.9, 171.5, 173.7, 175.3, 176.6, 177.3, 177.7, 177.5, 177.0, 176.0, 174.7, 173.0, 170.4, 164.6, 157.8, 151.1, 145.3, 143.2, 142.5, 142.1, 142.1, 142.2, 142.1, 141.8, 141.3, 140.4, 139.2, 137.8, 136.3, 134.5, 132.7, 130.8, 128.8, 126.8, 124.8, 123.0, 121.5, 120.4, 119.9, 120.0, 120.8, 122.1, 123.9, 125.9, 128.1, 130.3, 132.4, 134.4, 136.3, 137.9, 139.2, 140.3, 141.1, 141.5, 141.7, 141.5, 141.1, 140.4, 139.4, 138.2, 136.8, 135.2, 133.4, 131.5, 129.5, 127.4, 125.3, 123.1, 120.9, 118.6, 116.4, 114.2, 112.0, 109.9, 107.8, 105.8, 103.8, 101.9, 100.1, 98.4, 96.7, 95.1, 93.5, 92.1, 90.7, 89.4, 88.2, 87.0, 86.0, 85.0, 84.1, 83.2, 82.5, 81.8, 81.1, 80.6, 80.1, 79.7, 79.4, 79.1, 78.9, 78.7, 78.6, 78.6, 78.6, 78.7, 78.9, 79.1, 79.3, 79.6, 79.9, 80.3, 80.8, 81.3, 81.9, 82.5, 83.2, 83.9, 84.7, 85.5, 86.4, 87.3, 88.4, 89.4, 90.5, 91.7, 92.9, 94.2, 95.5, 96.9, 98.3, 99.8, 101.2, 102.7, 104.1, 105.5, 106.8, 108.0, 109.2, 110.2, 111.1, 111.9, 112.5, 113.1, 113.5, 113.7, 113.9, 114.0, 113.9, 113.8, 113.7, 113.5, 113.2, 112.9, 112.6, 112.2, 111.9, 111.5, 111.2, 110.8, 110.5, 110.2, 109.9, 109.7, 109.5, 109.3, 109.2, 109.1, 109.0, 109.0, 109.0, 109.1, 109.2, 109.3, 109.4, 109.6, 109.7, 109.8, 109.9, 108.6, 100.6, 89.9, 79.8, 71.4, 64.8, 60.8, 63.3, 69.0, 75.4, 81.4, 86.4, 90.7, 94.3, 97.4, 100.2, 102.8, 105.3, 108.1, 111.2, 114.8, 118.9, 123.5, 128.4, 133.5, 138.5, 143.5, 148.2, 152.7, 156.7, 160.3, 163.4, 166.0, 168.1, 169.6, 170.5, 171.0, 170.9, 170.4, 169.4, 168.0, 166.3, 164.2, 161.9, 159.3, 156.6, 153.8, 150.8, 147.7, 144.7, 141.6, 138.5, 135.4, 132.4, 129.4, 126.6, 123.9, 121.8, 120.1, 118.9, 118.0, 117.2, 116.4, 115.6, 114.8, 113.8, 112.9, 111.9, 110.9, 109.8, 108.8, 107.7, 106.7, 105.8, 104.8, 103.9, 103.1, 102.3, 101.6, 101.1, 101.0, 101.4, 102.4, 104.2, 106.7, 110.1, 114.1, 118.6, 123.4, 128.4, 133.4, 138.3, 143.0, 147.5, 151.6, 155.4, 158.8, 161.7, 164.2, 166.2, 167.7, 168.8, 169.3, 169.5, 169.1, 168.4, 167.2, 165.7, 163.9, 161.8, 159.4, 156.9, 154.1, 151.2, 148.3, 145.2, 142.1, 139.0, 135.9, 132.8, 129.8, 127.0, 124.6, 122.6, 120.8, 119.1, 117.5, 115.9, 114.3, 112.7, 111.1, 109.5, 107.9, 106.3, 104.8, 103.3, 101.9, 100.5, 98.9, 94.7, 90.1, 85.9, 82.4, 82.4, 83.4, 84.5, 85.4, 85.9, 86.2, 86.3, 86.1, 85.8, 85.4, 85.0, 84.9, 85.1, 85.7, 86.9, 88.7, 91.0, 93.7, 96.6, 99.7, 102.8, 105.9, 108.8, 111.7, 114.3, 116.7, 118.9, 120.8, 122.4, 123.8, 124.8, 125.6, 126.0, 126.2, 126.2, 125.9, 125.4, 124.7, 123.9, 122.9, 121.8, 120.5, 119.2, 117.9, 116.5, 115.0, 113.6, 112.1, 110.7, 109.3, 107.8, 106.5, 105.1, 103.8, 102.5, 101.3, 100.2, 99.1, 98.0, 97.1, 96.1, 95.3, 94.5, 93.8, 93.1, 92.5, 91.9, 91.5, 91.1, 90.7, 90.4, 90.2, 90.0, 89.9, 89.9, 89.9, 90.0, 90.1, 90.3, 90.6, 90.9, 91.2, 91.7, 92.2, 92.7, 93.3, 94.0, 94.7, 95.5, 96.3, 97.2, 98.2, 99.2, 100.2, 101.3, 102.4, 103.6, 104.7, 105.8, 106.8, 107.8, 108.8, 109.6, 110.4, 111.0, 111.6, 112.0, 112.4, 112.6, 112.8, 112.9, 112.9, 112.8, 112.7, 112.6, 112.4, 112.2, 112.0, 111.8, 111.6, 111.4, 111.1, 111.0, 110.8, 110.6, 110.5, 110.4, 110.3, 110.2, 110.1, 110.1, 110.1, 110.1, 110.1, 110.1, 110.1, 110.1, 110.1, 110.1, 110.1, 110.1, 110.1, 110.1, 110.1, 110.1, 108.8, 100.8, 90.3, 80.3, 72.0, 65.5, 61.6, 64.1, 69.7, 76.1, 81.9, 86.9, 91.1, 94.7, 98.1, 101.3, 104.5, 107.7, 110.9, 114.4, 118.0, 122.0, 126.3, 130.8, 135.6, 140.5, 145.3, 149.8, 154.1, 157.9, 161.3, 164.2, 166.6, 168.4, 169.6, 170.3, 170.5, 170.2, 169.3, 168.1, 166.5, 164.5, 162.2, 159.7, 157.0, 154.1, 151.1, 148.0, 145.1, 142.7, 140.7, 138.9, 137.2, 135.4, 133.7, 131.9, 130.0, 128.0, 126.0, 124.0, 121.9, 119.9, 117.9, 115.9, 114.0, 112.1, 110.3, 108.5, 106.9, 105.3, 103.8, 102.4, 101.1, 99.8, 98.7, 97.6, 96.6, 95.8, 94.9, 94.2, 93.6, 93.0, 92.5, 92.1, 91.7, 91.4, 91.2, 91.2, 91.4, 92.1, 93.3, 95.2, 97.7, 100.7, 104.2, 107.9, 111.9, 115.8, 119.8, 123.7, 127.4, 130.8, 134.1, 137.0, 139.6, 141.8, 143.7, 145.2, 146.3, 147.0, 147.3, 147.2, 146.8, 146.1, 145.1, 143.8, 142.3, 140.5, 138.6, 136.6, 134.4, 132.2, 129.9, 127.6, 125.2, 122.9, 121.0, 119.5, 118.3, 117.3, 116.3, 115.3, 114.3, 113.2, 112.1, 111.0, 109.4, 105.2, 100.5, 96.0, 92.3, 92.1, 93.0, 94.0, 94.9, 95.5, 95.8, 95.8, 95.7, 95.6, 95.6, 95.9, 96.6, 97.7, 99.4, 101.7, 104.5, 107.9, 111.8, 115.9, 120.3, 124.7, 129.0, 133.2, 137.2, 140.9, 144.2, 147.3, 149.9, 152.2, 154.0, 155.4, 156.4, 156.9, 157.1, 156.8, 156.2, 155.2, 153.8, 152.2, 150.4, 148.3, 146.1, 143.7, 141.2, 138.7, 136.0, 133.4, 130.7, 128.1, 125.4, 122.8, 120.2, 117.7, 115.3, 112.9, 110.6, 108.4, 106.3, 104.3, 102.4, 100.5, 98.7, 97.1, 95.5, 94.0, 92.6, 91.3, 90.1, 88.9, 87.9, 86.9, 86.0, 85.2, 84.4, 83.7, 83.1, 82.6, 82.2, 81.8, 81.4, 81.2, 81.0, 80.9, 80.8, 80.8, 80.9, 81.0, 81.2, 81.4, 81.7, 82.1, 82.5, 82.9, 83.5, 84.0, 84.7, 85.4, 86.1, 86.9, 87.8, 88.7, 89.7, 90.7, 91.8, 92.9, 94.1, 95.4, 96.7, 98.0, 99.4, 100.8, 102.2, 103.6, 105.0, 106.3, 107.6, 108.7, 109.8, 110.8, 111.6, 112.3, 112.9, 113.3, 113.6, 113.9, 114.0, 114.0, 113.9, 113.8, 113.6, 113.3, 113.1, 112.7, 112.4, 112.1, 111.7, 111.3, 111.0, 110.7, 110.3, 110.0, 109.8, 109.6, 109.4, 109.2, 109.1, 109.0, 107.6, 99.7, 89.2, 79.3, 71.1, 64.7, 61.0, 63.7, 69.6, 76.2, 82.3, 87.6, 92.2, 96.6, 100.9, 105.2, 109.4, 113.7, 118.0, 122.4, 127.0, 131.9, 136.9, 142.0, 147.1, 152.0, 156.7, 161.0, 164.8, 168.1, 170.8, 173.0, 174.6, 175.6, 176.1, 176.0, 175.4, 174.3, 172.7, 170.8, 168.5, 166.0, 163.2, 160.3, 157.1, 153.9, 150.6, 147.2, 143.9, 140.7, 137.8, 135.4, 133.4, 131.6, 129.9, 128.2, 126.5, 124.7, 122.9, 121.1, 119.3, 117.4, 115.6, 113.7, 111.9, 110.2, 108.5, 106.9, 105.3, 103.8, 102.4, 101.1, 99.9, 98.7, 97.8, 97.2, 97.0, 97.5, 98.5, 100.3, 102.7, 105.9, 109.6, 113.8, 118.2, 122.7, 127.2, 131.7, 136.0, 140.0, 143.8, 147.3, 150.4, 153.1, 155.4, 157.3, 158.8, 159.8, 160.4, 160.6, 160.4, 159.8, 158.9, 157.6, 156.0, 154.1, 152.0, 149.7, 147.3, 144.7, 142.2, 140.1, 138.3, 136.7, 135.1, 133.4, 131.7, 129.8, 127.9, 125.8, 123.7, 121.5, 119.3, 117.0, 114.8, 112.6, 110.5, 108.4, 106.3, 104.1, 99.6, 94.5, 89.8, 85.8, 84.8, 85.0, 85.5, 85.8, 85.9, 85.8, 85.4, 84.9, 84.3, 83.9, 83.8, 84.1, 85.0, 86.4, 88.4, 90.8, 93.7, 96.7, 99.8, 102.9, 105.9, 108.8, 111.5, 113.9, 116.0, 117.9, 119.4, 120.6, 121.5, 122.0, 122.3, 122.2, 121.8, 121.1, 120.1, 118.9, 117.4, 115.7, 113.8, 111.8, 109.6, 107.3, 105.0, 102.6, 100.1, 97.6, 95.1, 92.7, 90.2, 87.8, 85.4, 83.1, 80.9, 78.8, 76.8, 74.8, 72.9, 71.1, 69.4, 67.7, 66.0, 64.2, 62.4, 60.5, 58.5, 56.4, 54.3, 52.3, 50.2, 48.3, 46.4, 44.5, 42.8, 41.0, 39.6, 38.3, 37.2, 36.1, 35.1, 34.2, 33.4

Insulin Readings (mU/minute, every 5 minutes): 2885 readings
  Values: 1.9E-05, 3.7E-05, 1.7E-09, 7.9E-08, 7.7E-07, 8.1E-07, 3.3E-08, 8.1E-08, 3.7E-06, 1.3E-10, 6.9E+01, 1.0E+02, 8.9E+01, 8.2E+01, 3.4E+01, 7.0E+00, 4.6E+00, 7.3E+00, 9.0E+00, 1.1E+01, 1.2E+01, 1.1E+01, 1.6E+01, 1.3E+01, 1.6E+01, 1.7E+01, 1.6E+01, 1.7E+01, 1.8E+01, 1.7E+01, 1.9E+01, 1.7E+01, 2.6E+01, 1.0E+01, 1.7E+01, 3.7E+01, 5.7E+00, 1.5E+01, 4.5E+01, 2.9E+00, 1.2E+01, 4.6E+01, 2.9E+00, 2.7E+01, 7.2E+00, 3.4E+01, 1.0E+01, 2.7E+01, 1.7E+01, 2.0E+01, 1.1E+01, 3.2E+01, 1.6E+01, 2.0E+01, 1.8E+01, 2.3E+01, 1.3E+01, 2.7E+01, 9.5E+00, 2.6E+01, 1.8E+01, 1.0E+01, 2.1E+01, 2.6E+01, 2.1E+01, 2.1E+01, 1.8E+01, 2.1E+01, 2.6E+01, 2.1E+01, 2.0E+01, 4.2E+01, 4.7E+00, 1.5E+01, 1.5E+01, 1.8E+01, 1.5E+01, 2.2E+01, 1.0E+02, 1.2E+02, 1.2E+02, 2.3E-07, 1.7E-07, 1.7E-07, 1.5E-07, 1.4E-07, 1.2E-07, 1.6E-07, 1.4E-07, 2.3E-07, 5.7E-07, 8.6E+00, 8.6E+00, 1.2E+02, 1.2E+02, 1.2E+02, 1.2E+02, 1.2E+02, 1.2E+02, 1.2E+02, 1.2E+02, 1.2E+02, 1.2E+02, 1.2E+02, 1.2E+02, 1.2E+02, 1.2E+02, 1.2E+02, 1.2E+02, 1.2E+02, 1.2E+02, 1.2E+02, 1.2E+02, 1.2E+02, 1.2E+02, 4.9E+01, 3.5E-07, 2.0E-07, 1.6E-07, 1.4E-07, 1.3E-07, 1.2E-07, 1.3E-07, 1.4E-07, 1.6E-07, 1.8E-07, 9.9E-08, 1.1E-07, 1.2E-07, 1.4E-07, 1.5E-07, 1.6E-07, 1.6E-07, 2.6E-07, 2.2E-07, 1.7E-07, 2.1E+01, 2.1E+01, 2.1E+01, 1.5E-07, 2.6E-07, 1.9E-07, 1.7E-07, 8.4E-08, 7.9E-08, 8.2E-08, 8.8E-08, 1.1E-07, 1.2E-07, 1.3E-07, 1.7E-07, 1.2E-07, 1.1E-07, 9.8E-08, 1.0E-07, 2.0E-07, 1.3E-07, 2.6E-07, 1.6E-07, 1.8E-07, 2.4E-07, 2.8E-07, 3.0E-07, 2.8E-07, 2.3E-07, 1.9E-07, 6.4E-09, 6.4E-07, 1.0E+02, 1.0E+02, 1.0E+02, 1.0E+02, 1.0E+02, 1.0E+02, 1.0E+02, 1.0E+02, 1.0E+02, 1.0E+02, 1.0E+02, 1.0E+02, 1.0E+02, 1.0E+02, 1.2E+02, 1.2E+02, 1.2E+02, 1.2E+02, 1.2E+02, 1.2E+02, 1.2E+02, 1.2E+02, 1.2E+02, 1.2E+02, 1.2E+02, 1.2E+02, 6.2E-06, 5.1E-06, 9.7E-05, 1.1E-05, 2.1E-07, 1.9E-07, 1.9E-06, 3.7E-07, 2.0E-07, 2.1E-07, 2.4E-07, 5.2E-07, 8.9E-07, 2.7E-07, 2.2E-07, 5.0E-06, 2.1E+01, 2.1E+01, 2.1E+01, 2.1E+01, 2.1E+01, 2.1E+01, 2.1E+01, 2.1E+01, 1.7E+01, 1.8E+01, 1.7E+01, 1.3E-07, 1.5E-07, 1.5E-07, 1.3E-06, 2.7E-06, 5.8E-08, 5.9E-08, 6.2E-08, 6.2E-08, 5.9E-08, 5.7E-08, 2.6E-06, 1.0E-07, 1.0E-07, 1.1E-07, 1.1E-07, 1.1E-07, 9.0E-08, 8.9E-08, 2.4E-07, 1.0E+02, 1.0E+02, 1.0E+02, 1.0E+02, 1.0E+02, 1.0E+02, 1.0E+02, 1.0E+02, 1.0E+02, 1.0E+02, 1.0E+02, 1.0E+02, 1.0E+02, 1.0E+02, 1.0E+02, 1.0E+02, 1.0E+02, 1.0E+02, 1.0E+02, 1.0E+02, 1.0E+02, 1.0E+02, 5.5E+01, 2.1E-06, 5.1E-06, 5.9E-06, 7.1E-06, 5.2E-06, 2.7E-06, 3.5E-06, 2.8E-06, 2.6E-06, 3.0E-06, 3.8E-06, 2.7E-06, 2.2E-06, 8.1E-06, 7.3E-06, 3.9E-06, 2.8E-06, 2.6E-06, 3.9E-06, 2.1E-07, 3.9E-07, 2.7E-07, 2.2E-07, 2.2E-07, 1.8E-07, 2.9E-07, 3.3E-07, 9.3E-07, 4.2E-07, 2.0E-07, 4.3E-07, 2.2E-07, 1.8E-06, 2.1E+01, 9.8E-08, 1.2E-07, 1.5E-07, 1.7E-07, 2.3E-07, 2.9E-07, 2.6E-08, 2.4E-07, 8.7E-09, 1.6E-08, 3.2E-08, 5.3E-08, 6.5E-09, 9.2E-09, 2.9E-08, 3.6E-08, 1.2E-08, 1.8E-08, 3.4E-08, 2.4E-07, 6.7E-08, 1.3E-07, 1.2E-05, 1.1E-08, 1.0E-06, 3.4E-08, 5.3E-07, 3.9E-07, 1.3E-07, 1.2E-07, 1.4E-07, 2.2E-07, 1.0E+02, 1.0E+02, 1.0E+02, 1.0E+02, 1.0E+02, 1.0E+02, 1.0E+02, 1.0E+02, 1.0E+02, 1.0E+02, 1.0E+02, 1.1E+01, 1.9E-06, 2.7E-06, 1.3E-06, 2.1E+01, 2.0E+01, 2.1E+01, 2.1E+01, 2.1E+01, 1.7E+01, 2.0E+01, 2.1E+01, 2.1E+01, 2.1E+01, 1.3E+01, 2.1E+01, 2.0E+01, 2.1E+01, 6.5E-08, 9.3E-09, 7.3E-09, 1.7E-08, 4.0E-08, 2.4E-08, 2.4E-09, 6.0E-08, 7.6E-08, 8.8E-07, 1.6E-08, 1.6E-07, 1.5E-07, 1.4E-07, 1.2E-07, 1.2E-07, 1.2E-07, 1.4E-07, 7.8E-07, 5.9E-07, 8.6E+00, 8.6E+00, 8.6E+00, 8.6E+00, 8.6E+00, 3.3E+01, 1.2E+02, 1.2E+02, 1.2E+02, 1.2E+02, 1.2E+02, 1.2E+02, 1.2E+02, 1.2E+02, 1.2E+02, 1.2E+02, 1.0E+02, 1.0E+02, 1.0E+02, 1.0E+02, 1.0E+02, 1.0E+02, 1.0E+02, 1.0E+02, 1.0E+02, 1.0E+02, 1.0E+02, 1.0E+02, 1.0E+02, 1.9E-06, 4.7E-07, 3.0E-07, 2.4E-07, 2.2E-07, 2.2E-07, 1.7E-07, 1.8E-07, 2.5E-07, 2.1E-07, 2.1E-07, 2.6E-07, 2.5E-07, 2.7E-07, 2.4E-07, 2.6E-07, 2.9E-07, 2.7E-07, 2.9E-07, 2.2E-07, 6.9E-05, 1.6E-06, 8.6E+00, 8.6E+00, 8.6E+00, 2.3E-07, 7.5E-07, 9.6E-08, 2.8E-07, 1.3E-08, 6.5E-07, 2.6E-08, 2.1E+01, 2.1E+01, 2.1E+01, 2.1E+01, 5.6E-09, 2.1E-07, 1.9E-07, 1.9E-07, 1.9E-07, 9.0E-09, 8.1E-09, 1.0E+02, 1.0E+02, 1.0E+02, 1.0E+02, 1.0E+02, 1.0E+02, 1.0E+02, 1.0E+02, 1.0E+02, 1.0E+02, 1.0E+02, 1.0E+02, 1.0E+02, 1.0E+02, 1.0E+02, 1.0E+02, 1.0E+02, 1.0E+02, 1.0E+02, 1.0E+02, 1.0E+02, 1.0E+02, 1.2E+02, 1.2E+02, 1.2E+02, 2.3E-06, 4.2E-06, 3.4E-06, 3.8E-06, 7.4E-06, 2.3E-06, 3.5E-06, 3.8E-06, 3.4E-06, 3.8E-06, 2.1E-06, 2.4E-06, 1.7E-06, 9.5E-07, 6.5E-06, 8.5E-06, 2.9E-06, 2.9E-06, 8.6E+00, 8.6E+00, 8.6E+00, 4.1E-05, 5.5E-07, 1.8E-06, 1.2E-06, 2.7E-07, 6.8E-07, 5.6E-07, 5.9E-07, 3.9E-07, 9.6E-06, 2.1E+01, 2.1E+01, 1.4E-06, 6.1E-07, 2.6E-07, 1.8E-07, 1.4E-07, 1.6E-07, 1.7E-07, 1.0E+02, 1.0E+02, 1.0E+02, 1.0E+02, 1.0E+02, 1.0E+02, 1.0E+02, 1.0E+02, 1.2E+02, 1.2E+02, 1.2E+02, 1.2E+02, 1.2E+02, 1.2E+02, 1.2E+02, 1.2E+02, 1.2E+02, 1.2E+02, 1.2E+02, 1.2E+02, 1.2E+02, 2.1E+01, 2.1E+01, 2.1E+01, 2.1E+01, 1.8E-07, 1.5E-07, 1.2E-07, 9.9E-08, 7.7E-08, 5.6E-08, 3.7E-08, 3.1E-08, 7.3E-08, 1.1E-07, 1.1E-07, 1.1E-07, 5.1E-07, 2.3E-06, 5.0E-08, 5.6E-08, 6.0E-08, 7.8E-08, 9.9E-08, 1.2E-07, 1.4E-07, 1.7E-07, 2.0E-07, 2.2E-07, 2.2E-07, 2.1E-07, 2.0E-07, 1.6E-07, 1.4E-07, 1.1E-07, 9.7E-08, 8.3E-08, 7.3E-08, 6.5E-08, 2.5E-06, 4.3E-07, 1.7E-07, 1.6E-07, 1.7E-07, 1.5E-07, 1.1E-07, 1.5E-07, 1.9E-07, 2.9E-07, 4.3E-07, 2.4E-07, 4.2E-07, 2.3E-07, 3.5E-07, 4.4E-07, 7.6E-09, 1.0E-08, 1.2E-08, 1.2E-08, 6.4E-09, 6.7E-09, 7.3E-09, 9.0E-09, 2.1E-08, 3.8E-08, 1.4E-07, 1.1E-07, 8.8E-09, 1.3E-10, 1.6E-10, 1.1E-07, 2.0E-06, 1.3E-07, 6.8E-07, 3.4E+01, 1.0E+02, 1.0E+02, 1.0E+02, 1.0E+02, 1.0E+02, 1.0E+02, 1.0E+02, 1.0E+02, 1.0E+02, 1.0E+02, 1.0E+02, 6.7E+01, 3.4E-07, 3.5E-07, 4.2E-07, 2.1E+01, 1.4E+01, 2.1E+01, 1.6E+01, 2.1E+01, 1.7E+01, 2.1E+01, 1.9E+01, 2.0E+01, 2.1E+01, 2.1E+01, 2.1E+01, 1.7E+01, 2.1E+01, 2.1E+01, 2.1E+01, 2.1E+01, 2.1E+01, 1.8E-08, 7.3E-08, 1.0E-08, 4.9E-08, 4.9E-08, 4.7E-09, 4.8E-09, 5.2E-09, 5.7E-09, 1.1E-08, 1.3E-08, 1.0E-07, 3.6E-07, 1.8E-08, 1.6E-08, 3.0E-07, 5.5E-07, 4.4E-08, 7.7E-07, 6.5E-09, 6.7E-09, 7.1E-09, 7.7E-09, 8.4E-09, 5.4E-08, 4.0E-07, 1.0E+02, 1.0E+02, 1.0E+02, 1.0E+02, 1.0E+02, 1.0E+02, 1.0E+02, 1.0E+02, 1.0E+02, 1.0E+02, 1.0E+02, 1.0E+02, 1.0E+02, 1.0E+02, 1.2E+02, 1.2E+02, 1.2E+02, 1.2E+02, 1.2E+02, 1.2E+02, 1.2E+02, 1.2E+02, 1.2E+02, 1.2E+02, 1.2E+02, 1.2E+02, 4.0E-07, 7.6E-07, 2.0E-06, 9.7E-08, 1.0E-07, 9.8E-08, 9.8E-08, 1.8E-06, 1.1E-06, 3.6E-07, 1.8E-07, 2.0E-07, 2.8E-07, 4.5E-07, 1.8E-06, 3.5E-07, 3.0E-07, 3.4E-07, 2.1E-07, 4.4E-07, 2.9E-07, 3.9E-07, 6.4E+00, 2.1E+01, 2.1E+01, 1.4E-07, 2.1E+01, 2.1E+01, 2.1E+01, 2.1E+01, 2.1E+01, 8.6E+00, 8.6E+00, 2.1E+01, 7.2E-01, 4.5E+00, 1.0E+02, 1.0E+02, 1.0E+02, 1.0E+02, 1.0E+02, 1.0E+02, 1.0E+02, 1.0E+02, 1.0E+02, 1.0E+02, 1.0E+02, 1.0E+02, 1.0E+02, 1.0E+02, 1.0E+02, 1.0E+02, 1.0E+02, 1.0E+02, 1.0E+02, 1.0E+02, 1.0E+02, 1.1E-06, 4.6E-07, 2.9E-07, 2.1E-07, 1.5E-07, 1.1E-07, 6.6E-08, 3.7E-08, 5.8E-08, 8.6E-08, 1.0E-07, 1.0E-07, 2.5E-07, 2.0E-06, 3.3E-06, 4.3E-06, 4.6E-08, 6.3E-08, 8.3E-08, 1.1E-07, 1.3E-07, 1.5E-07, 1.7E-07, 1.9E-07, 2.0E-07, 2.0E-07, 1.8E-07, 1.6E-07, 1.4E-07, 1.2E-07, 1.0E-07, 8.2E-08, 1.0E-05, 6.7E-06, 1.5E-06, 2.1E+01, 1.2E+02, 1.2E+02, 1.2E+02, 2.1E+01, 2.1E+01, 2.1E+01, 1.5E-06, 7.9E-07, 8.6E+00, 8.6E+00, 8.6E+00, 8.6E+00, 3.3E-08, 2.3E-08, 4.4E-08, 3.7E-07, 3.3E-07, 2.8E-07, 2.7E-07, 2.8E-07, 2.9E-07, 3.2E-07, 3.5E-08, 4.9E-08, 4.7E-08, 5.5E-08, 2.0E-08, 3.0E-08, 3.0E-06, 5.1E-07, 1.2E+02, 1.2E+02, 1.2E+02, 1.2E+02, 1.2E+02, 1.2E+02, 1.2E+02, 1.2E+02, 1.2E+02, 1.2E+02, 1.2E+02, 1.2E+02, 1.2E+02, 1.0E+02, 1.0E+02, 1.0E+02, 1.0E+02, 1.0E+02, 1.0E+02, 1.0E+02, 1.0E+02, 1.0E+02, 1.0E+02, 5.5E-07, 2.8E-07, 2.0E-07, 1.7E-07, 1.4E-07, 1.3E-07, 1.2E-07, 1.2E-07, 1.2E-07, 1.1E-07, 1.1E-07, 1.1E-07, 1.1E-07, 1.1E-07, 6.9E-01, 4.5E-06, 2.2E-06, 1.9E-07, 2.1E-07, 2.1E-07, 1.7E-07, 1.7E-07, 1.7E-06, 6.5E-07, 5.5E-07, 3.3E-07, 1.7E-07, 7.9E-06, 6.1E-07, 5.2E-07, 1.8E-07, 3.9E-07, 1.4E-07, 1.8E-07, 5.6E-07, 5.7E-07, 2.8E-07, 2.6E-07, 4.2E-07, 5.4E-07, 7.1E-07, 3.2E-07, 2.5E-07, 2.2E-07, 1.8E-07, 1.7E-07, 1.8E-07, 1.8E-07, 2.5E-07, 3.8E-07, 1.2E-08, 1.8E-08, 2.1E-08, 3.3E-08, 4.3E-07, 2.1E-07, 3.0E-08, 4.1E-07, 3.7E-08, 3.5E-06, 2.5E-07, 3.3E-08, 4.5E-07, 4.0E-08, 1.6E-07, 1.0E-06, 1.1E-07, 2.5E-06, 2.0E-06, 8.3E-07, 5.9E+01, 1.0E+02, 1.0E+02, 1.0E+02, 1.0E+02, 1.0E+02, 1.0E+02, 1.0E+02, 1.0E+02, 1.0E+02, 1.0E+02, 9.2E+01, 1.4E-06, 2.9E-07, 3.0E-07, 6.5E-07, 1.9E+01, 2.1E+01, 2.1E+01, 2.1E+01, 2.1E+01, 2.1E+01, 2.1E+01, 2.1E+01, 1.6E+01, 2.1E+01, 2.1E+01, 2.1E+01, 2.1E+01, 2.1E+01, 2.1E+01, 2.1E+01, 7.4E+00, 5.0E-08, 1.9E-07, 7.9E-08, 6.2E-07, 3.8E-07, 2.1E+01, 2.1E+01, 1.2E+02, 1.0E+02, 1.0E+02, 1.0E+02, 1.0E+02, 1.0E+02, 1.0E+02, 1.0E+02, 1.0E+02, 1.0E+02, 1.0E+02, 1.0E+02, 1.0E+02, 1.0E+02, 1.0E+02, 1.0E+02, 1.2E+02, 1.2E+02, 1.2E+02, 1.2E+02, 1.2E+02, 5.8E-05, 5.5E-07, 3.1E-07, 2.3E-07, 1.9E-07, 1.7E-07, 1.6E-07, 1.3E-07, 1.3E-07, 1.3E-07, 1.4E-07, 1.5E-07, 1.6E-07, 1.7E-07, 1.7E-07, 1.8E-07, 2.0E-07, 2.4E-07, 4.2E-07, 2.0E-07, 1.7E-07, 7.5E-07, 2.1E-07, 1.7E-07, 3.6E-07, 2.2E-07, 8.1E-07, 7.3E-07, 2.1E+01, 2.1E+01, 2.1E+01, 2.1E+01, 2.1E+01, 2.1E+01, 1.7E+01, 5.2E-09, 6.0E-09, 6.2E-09, 7.3E-09, 2.5E-07, 2.6E-08, 7.4E-09, 4.2E-08, 1.1E-07, 1.0E+02, 1.0E+02, 1.0E+02, 1.0E+02, 1.0E+02, 1.0E+02, 1.0E+02, 1.0E+02, 1.0E+02, 1.0E+02, 1.0E+02, 1.0E+02, 1.0E+02, 1.0E+02, 1.0E+02, 1.0E+02, 1.0E+02, 1.0E+02, 1.0E+02, 1.0E+02, 1.0E+02, 3.0E+01, 9.8E-07, 4.8E-07, 3.4E-07, 2.7E-07, 8.6E+00, 2.6E-07, 2.8E-07, 3.0E-07, 4.9E-07, 2.2E-07, 5.0E-08, 4.4E-08, 2.8E-06, 2.7E-06, 3.8E-06, 2.1E-07, 3.0E-07, 4.8E-07, 5.4E-07, 3.9E-07, 2.2E-07, 1.7E-07, 4.0E-06, 3.2E-06, 2.6E-06, 1.7E-07, 1.8E-07, 5.1E-07, 2.7E-07, 5.0E-06, 2.1E+01, 2.1E+01, 2.1E+01, 2.1E+01, 2.1E+01, 2.1E+01, 2.1E+01, 7.0E-08, 9.2E-08, 9.2E-08, 1.3E-07, 7.1E-08, 3.7E-07, 1.3E-07, 8.9E-07, 1.0E+02, 1.0E+02, 1.2E+02, 1.2E+02, 1.2E+02, 1.2E+02, 1.2E+02, 1.2E+02, 1.2E+02, 1.2E+02, 1.2E+02, 1.2E+02, 1.2E+02, 1.2E+02, 1.2E+02, 1.2E+02, 1.2E+02, 1.2E+02, 1.2E+02, 1.2E+02, 8.4E+01, 2.1E+01, 2.1E+01, 2.1E+01, 2.1E+01, 2.1E+01, 2.1E+01, 2.1E+01, 7.5E-07, 9.5E-08, 9.2E-08, 8.9E-08, 8.6E-08, 8.1E-08, 7.7E-08, 7.1E-08, 6.4E-08, 5.5E-08, 4.5E-08, 3.6E-08, 7.1E-08, 1.3E-07, 1.5E-07, 1.5E-07, 1.4E-07, 1.5E-07, 1.5E-07, 3.1E-07, 1.1E-06, 1.7E-06, 1.9E-06, 1.6E-06, 1.6E-06, 1.8E-06, 1.4E-06, 8.5E-07, 2.1E-07, 1.9E-07, 1.8E-07, 1.8E-07, 1.8E-07, 1.8E-07, 1.6E-07, 1.2E-07, 2.0E-07, 2.1E-07, 2.8E-07, 3.2E-07, 3.7E-07, 1.9E-07, 2.8E-07, 3.5E-07, 2.2E-07, 2.1E-07, 2.8E-07, 3.5E-07, 4.2E-07, 2.2E-07, 2.8E-07, 3.5E-07, 4.2E-07, 4.9E-07, 5.5E-07, 7.5E-09, 3.6E-08, 9.2E-09, 5.0E-08, 3.9E-08, 3.0E-07, 4.4E-07, 1.9E-08, 6.5E-09, 4.8E-08, 1.4E-07, 5.0E-07, 4.7E-07, 3.1E-07, 1.9E+01, 1.0E+02, 1.0E+02, 1.0E+02, 1.0E+02, 1.0E+02, 1.0E+02, 1.0E+02, 1.0E+02, 1.0E+02, 1.0E+02, 1.0E+02, 1.0E+02, 1.5E-06, 6.6E-07, 9.5E-07, 1.7E-07, 1.9E-07, 1.0E-07, 1.2E-07, 1.1E-07, 1.1E-07, 1.3E-07, 2.3E-07, 1.3E-07, 1.4E-07, 4.2E-08, 1.5E-07, 2.6E-08, 6.0E-07, 1.2E-07, 3.4E-08, 8.5E-10, 2.6E-08, 7.7E-09, 1.5E-07, 1.1E-09, 2.6E-07, 2.2E-09, 5.3E-08, 0.0E+00, 1.2E-08, 9.9E-07, 1.5E-06, 1.3E-06, 9.2E+01, 9.4E+01, 9.3E+01, 1.0E+02, 1.0E+02, 1.0E+02, 1.0E+02, 1.0E+02, 1.0E+02, 1.0E+02, 1.2E+02, 1.2E+02, 1.2E+02, 1.2E+02, 1.2E+02, 1.2E+02, 1.2E+02, 1.2E+02, 1.2E+02, 1.2E+02, 1.2E+02, 1.2E+02, 1.2E+02, 1.2E+02, 1.2E+02, 1.2E+02, 5.8E+01, 2.1E+01, 2.1E+01, 2.1E+01, 2.1E+01, 2.1E+01, 2.1E+01, 2.1E+01, 2.1E+01, 2.1E+01, 2.1E+01, 2.1E+01, 2.1E+01, 2.1E+01, 8.6E+00, 5.0E-08, 5.7E-08, 5.4E-08, 6.0E-08, 6.4E-08, 6.7E-08, 6.9E-08, 6.9E-08, 6.7E-08, 6.3E-08, 5.7E-08, 5.0E-08, 4.2E-08, 7.7E-08, 1.4E-07, 1.6E-07, 1.6E-07, 1.5E-07, 1.5E-07, 1.5E-07, 1.5E-07, 1.5E-07, 1.5E-07, 1.5E-07, 1.5E-07, 1.5E-07, 1.5E-07, 1.5E-07, 1.5E-07, 1.6E-07, 1.6E-07, 1.5E-07, 1.3E-07, 1.1E-07, 1.4E-07, 1.7E-07, 2.3E-07, 3.7E-07, 1.6E-08, 3.9E-06, 1.0E+02, 1.0E+02, 1.0E+02, 1.0E+02, 1.0E+02, 1.0E+02, 1.0E+02, 1.0E+02, 1.0E+02, 1.0E+02, 1.0E+02, 1.0E+02, 1.0E+02, 1.0E+02, 1.0E+02, 1.0E+02, 1.0E+02, 1.0E+02, 1.0E+02, 1.0E+02, 1.2E+02, 1.2E+02, 1.2E+02, 1.2E+02, 5.3E+01, 8.6E+00, 8.6E+00, 8.6E+00, 8.6E+00, 8.6E+00, 8.6E+00, 8.6E+00, 8.6E+00, 8.6E+00, 8.6E+00, 8.6E+00, 8.6E+00, 8.6E+00, 8.6E+00, 8.6E+00, 8.6E+00, 8.6E+00, 8.6E+00, 5.0E-06, 2.2E-06, 3.1E-06, 3.0E-06, 1.7E-08, 2.8E-07, 2.7E-07, 5.7E-07, 4.2E-05, 5.2E-05, 4.5E-05, 2.1E+01, 2.1E+01, 2.1E+01, 2.5E-07, 1.8E-07, 4.0E-07, 2.1E-07, 1.8E-07, 1.9E-07, 1.3E-07, 2.1E-07, 2.4E-07, 2.5E-07, 5.0E-07, 2.3E-07, 8.4E-07, 2.1E+01, 2.1E+01, 2.1E+01, 2.1E+01, 2.1E+01, 2.1E+01, 2.1E+01, 2.1E+01, 2.1E+01, 1.2E+02, 1.2E+02, 1.2E+02, 1.0E+02, 1.0E+02, 1.0E+02, 1.0E+02, 1.0E+02, 1.0E+02, 1.0E+02, 1.2E+02, 1.2E+02, 1.2E+02, 1.2E+02, 1.2E+02, 1.2E+02, 1.2E+02, 1.2E+02, 1.2E+02, 1.2E+02, 1.2E+02, 1.2E+02, 1.2E+02, 1.6E-06, 4.0E-07, 2.7E-07, 2.1E-07, 1.8E-07, 1.6E-07, 1.3E-07, 1.4E-07, 1.7E-07, 1.7E-07, 1.6E-07, 1.7E-07, 1.5E-07, 1.3E-07, 1.3E-07, 1.2E-07, 1.1E-07, 1.3E-07, 3.9E-07, 3.7E-07, 3.7E-07, 2.9E-07, 1.5E-07, 3.0E-07, 2.5E-07, 1.2E-06, 2.4E-06, 2.5E-06, 3.8E-06, 2.1E+01, 2.1E+01, 2.1E+01, 2.1E+01, 2.1E+01, 2.1E+01, 2.1E+01, 2.1E+01, 8.8E-01, 4.8E+00, 4.9E+00, 5.4E+00, 6.1E+00, 6.5E+00, 6.8E+00, 7.9E+00, 8.6E+00, 8.8E+00, 9.9E+00, 1.1E+01, 1.2E+01, 1.3E+01, 5.4E-07, 4.3E-07, 4.0E-07, 3.7E-07, 3.1E-07, 2.0E+01, 2.1E+01, 2.1E+01, 2.1E+01, 1.8E+01, 2.1E+01, 1.8E+01, 2.1E+01, 1.8E+01, 2.1E+01, 2.1E+01, 2.1E+01, 2.1E+01, 2.8E-07, 3.1E-07, 2.7E-07, 5.1E-07, 3.9E-07, 7.5E-09, 7.5E-09, 1.2E-08, 1.5E-08, 2.0E-08, 2.2E-08, 2.1E-08, 2.6E-08, 2.3E-07, 2.4E-07, 2.7E-07, 4.5E-07, 1.1E-06, 2.6E-08, 3.1E-06, 3.5E-07, 4.0E-07, 5.1E-07, 1.5E-05, 3.2E+01, 1.0E+02, 1.0E+02, 1.0E+02, 1.0E+02, 1.0E+02, 1.0E+02, 1.0E+02, 1.0E+02, 1.0E+02, 7.8E+01, 3.2E-07, 1.0E-07, 1.9E-06, 1.7E-06, 6.0E-08, 1.0E+02, 1.0E+02, 1.2E+02, 4.2E+01, 8.6E+00, 8.6E+00, 8.6E+00, 2.1E+01, 2.1E+01, 1.2E+02, 1.2E+02, 1.2E+02, 1.2E+02, 1.2E+02, 1.0E+02, 1.0E+02, 1.0E+02, 1.0E+02, 1.0E+02, 1.0E+02, 1.0E+02, 1.0E+02, 1.0E+02, 1.0E+02, 1.2E+02, 1.2E+02, 1.2E+02, 1.2E+02, 8.6E+00, 8.6E+00, 8.6E+00, 8.6E+00, 8.6E+00, 8.6E+00, 8.6E+00, 8.6E+00, 8.6E+00, 8.6E+00, 8.6E+00, 3.6E-06, 1.6E-06, 6.5E-06, 8.5E-06, 1.7E-06, 4.9E-06, 1.2E-05, 5.2E-05, 3.8E-05, 8.3E-06, 2.5E-05, 2.9E-05, 1.8E-05, 7.2E-05, 4.2E-05, 4.8E-05, 4.7E-05, 4.3E-05, 4.6E-05, 1.5E-07, 1.5E-07, 1.5E-07, 1.5E-07, 1.6E-07, 1.6E-07, 1.5E-07, 5.5E-08, 6.5E-08, 8.6E-08, 1.1E-07, 1.3E-07, 1.5E-07, 1.7E-07, 2.3E-07, 3.1E-07, 3.2E-07, 2.3E-07, 2.2E-07, 2.2E-07, 2.3E-08, 3.5E-08, 7.1E-09, 7.2E-09, 8.6E-09, 4.5E-08, 7.4E-09, 1.6E-06, 2.0E-07, 2.6E-06, 3.3E-08, 2.2E-07, 5.7E-07, 1.0E+02, 1.0E+02, 1.0E+02, 1.0E+02, 1.0E+02, 1.0E+02, 1.0E+02, 1.0E+02, 1.0E+02, 1.0E+02, 1.2E+02, 1.2E+02, 1.2E+02, 1.2E+02, 1.2E+02, 1.2E+02, 1.2E+02, 1.2E+02, 1.2E+02, 1.2E+02, 1.2E+02, 1.2E+02, 1.2E+02, 1.2E+02, 1.2E+02, 1.2E+02, 5.3E-06, 2.6E-06, 1.2E-06, 1.6E-07, 1.4E-07, 1.3E-07, 1.8E-07, 2.6E-07, 2.1E+01, 2.1E+01, 2.1E+01, 2.1E+01, 2.1E+01, 2.1E+01, 2.1E+01, 1.8E-07, 2.2E-07, 1.4E-07, 2.4E-07, 1.3E-07, 1.3E-07, 2.3E-06, 8.6E+00, 4.5E-06, 2.6E-07, 2.1E+01, 2.1E+01, 2.1E+01, 2.1E+01, 2.1E+01, 1.0E-07, 2.3E-07, 1.0E+02, 1.0E+02, 1.0E+02, 1.0E+02, 1.0E+02, 1.0E+02, 1.0E+02, 1.0E+02, 1.0E+02, 1.0E+02, 1.0E+02, 1.0E+02, 1.0E+02, 1.0E+02, 1.0E+02, 1.0E+02, 1.0E+02, 1.6E+00, 2.0E-06, 6.6E-07, 3.1E-07, 1.6E-07, 1.1E-07, 1.1E-07, 8.6E+00, 8.6E+00, 8.6E+00, 8.6E+00, 8.6E+00, 8.6E+00, 1.9E-07, 6.5E-07, 2.9E-07, 6.9E-07, 8.6E-07, 8.6E+00, 8.6E+00, 8.6E+00, 8.6E+00, 8.6E+00, 8.6E+00, 4.8E-06, 1.3E-05, 6.4E-06, 6.1E-06, 1.5E-05, 2.3E-05, 5.3E-05, 3.0E-06, 4.0E-06, 9.7E-06, 1.4E-05, 3.9E-05, 9.3E-06, 1.6E-06, 1.6E-07, 1.5E-07, 1.5E-07, 1.5E-07, 1.2E-07, 1.6E-07, 2.0E-07, 3.1E-07, 3.0E-07, 1.9E-07, 2.0E-07, 3.3E-07, 4.8E-07, 3.2E-08, 9.6E-09, 1.4E-08, 5.8E-08, 2.4E-08, 3.1E-07, 3.4E-07, 5.8E-08, 7.1E-07, 2.0E-07, 2.2E-07, 1.0E-08, 1.9E-08, 1.9E-07, 1.3E-07, 1.1E-06, 1.4E-06, 1.4E-06, 7.2E+01, 1.0E+02, 1.0E+02, 1.0E+02, 1.0E+02, 1.0E+02, 1.0E+02, 1.0E+02, 1.0E+02, 1.0E+02, 1.0E+02, 9.4E+01, 1.5E-06, 7.3E-07, 6.6E-07, 1.6E-07, 3.8E-07, 1.7E-07, 4.3E-07, 3.0E-07, 2.5E-07, 5.4E-07, 7.4E-08, 1.0E-08, 3.2E-07, 2.9E-08, 2.6E-09, 1.4E-08, 2.5E-12, 6.0E-08, 2.2E-08, 2.0E-09, 2.1E+01, 8.6E-09, 1.5E-06, 7.1E-08, 4.7E-07, 1.3E-06, 5.7E-08, 0.0E+00, 2.9E-07, 2.5E+01, 1.0E+02, 1.0E+02, 9.8E+01, 3.9E+01, 2.9E+01, 5.7E+00, 8.1E+00, 9.3E+00, 1.1E+01, 1.0E+02, 1.0E+02, 1.0E+02, 1.0E+02, 1.0E+02, 1.0E+02, 1.0E+02, 1.2E+02, 1.2E+02, 1.2E+02, 1.2E+02, 1.2E+02, 1.2E+02, 1.2E+02, 1.2E+02, 1.2E+02, 1.2E+02, 1.2E+02, 1.2E+02, 1.2E+02, 1.2E+02, 1.2E+02, 2.1E+01, 2.1E+01, 2.1E+01, 2.1E+01, 8.6E+00, 8.6E+00, 8.6E+00, 8.6E+00, 8.6E+00, 8.6E+00, 8.6E+00, 8.6E+00, 8.6E+00, 8.6E+00, 8.6E+00, 8.6E+00, 8.6E+00, 8.6E+00, 4.4E-07, 1.0E-06, 1.6E-07, 1.7E-07, 2.7E-07, 1.6E-06, 9.4E-06, 7.1E-06, 8.7E-06, 9.3E-06, 7.6E-06, 1.7E-06, 7.2E-06, 8.0E-06, 4.0E-06, 5.1E-06, 1.3E-05, 1.1E-07, 1.2E-07, 1.2E-07, 1.2E-07, 1.2E-07, 1.9E-07, 2.5E-07, 3.2E-07, 1.7E-08, 2.0E-08, 2.3E-08, 1.8E-08, 3.2E-07, 2.6E-07, 2.2E-07, 2.2E-07, 8.1E-09, 4.2E-08, 4.0E-08, 9.7E-09, 4.2E-08, 2.3E-08, 1.0E-08, 1.3E-08, 1.3E-07, 2.7E-07, 2.5E-08, 1.7E-08, 9.0E-08, 6.4E-07, 7.5E-08, 4.9E-07, 4.9E+01, 1.0E+02, 1.0E+02, 1.0E+02, 1.0E+02, 1.0E+02, 1.0E+02, 1.0E+02, 1.0E+02, 1.0E+02, 1.0E+02, 1.0E+02, 1.0E+02, 1.0E+02, 1.0E+02, 1.0E+02, 1.0E+02, 1.0E+02, 1.0E+02, 1.0E+02, 1.0E+02, 1.0E+02, 1.0E+02, 1.0E+02, 1.0E+02, 1.2E+02, 1.2E+02, 1.2E+02, 8.6E+00, 1.6E-06, 8.1E-07, 4.5E-06, 4.5E-06, 1.1E-05, 4.6E-06, 1.2E-05, 2.9E-06, 4.1E-06, 4.5E-06, 5.0E-06, 1.3E-05, 1.1E-05, 1.9E-05, 6.5E-06, 5.7E-06, 6.8E-06, 4.8E-06, 3.5E-06, 1.5E-05, 2.6E-05, 4.1E-05, 2.1E+01, 2.1E+01, 2.1E+01, 2.1E+01, 2.1E+01, 2.1E+01, 1.2E+02, 1.2E+02, 1.2E+02, 1.2E+02, 1.2E+02, 1.2E+02, 1.2E+02, 1.2E+02, 1.2E+02, 1.2E+02, 1.2E+02, 1.2E+02, 1.2E+02, 1.2E+02, 1.1E+02, 2.1E+01, 2.1E+01, 2.1E+01, 2.1E+01, 2.1E+01, 2.1E+01, 2.1E+01, 7.2E-08, 4.2E-08, 5.9E-08, 8.6E-08, 1.1E-07, 1.1E-07, 1.1E-06, 3.1E-06, 5.8E-08, 6.6E-08, 1.0E-07, 1.5E-07, 4.1E-07, 2.4E-06, 3.0E-06, 2.7E-06, 3.7E-06, 4.2E-06, 4.7E-06, 5.0E-06, 5.1E-06, 5.0E-06, 4.4E-06, 4.3E-06, 3.9E-06, 2.8E-06, 2.9E-06, 2.0E-06, 3.2E-07, 2.0E-07, 1.2E-07, 9.0E-08, 7.6E-08, 5.8E-08, 1.1E-06, 1.8E-07, 1.6E-07, 1.7E-07, 1.7E-07, 1.5E-07, 1.6E-07, 1.3E-07, 1.8E-07, 3.7E-07, 2.3E-07, 3.3E-07, 4.4E-07, 8.9E-09, 1.2E-08, 1.3E-08, 1.3E-08, 1.1E-08, 8.4E-09, 9.8E-09, 1.7E-08, 2.4E-08, 2.5E-08, 4.5E-08, 1.7E-07, 2.1E-08, 1.6E-07, 2.2E-07, 2.5E-07, 5.6E-08, 1.1E-06, 2.3E-06, 1.8E-06, 1.0E+02, 1.0E+02, 1.0E+02, 1.0E+02, 1.0E+02, 1.0E+02, 1.0E+02, 1.0E+02, 1.0E+02, 1.0E+02, 1.0E+02, 1.0E+02, 1.3E-06, 1.4E-06, 5.1E-07, 3.6E-07, 3.7E-07, 1.2E-07, 1.7E-07, 5.3E-08, 3.0E-07, 3.8E-07, 1.4E-07, 3.3E-07, 7.3E-08, 4.5E-07, 3.8E-08, 2.8E-08, 2.2E-08, 5.2E-08, 1.9E-08, 2.9E-08, 2.7E-08, 7.5E-07, 1.8E-08, 7.2E-07, 2.2E-09, 1.9E-07, 1.1E-07, 3.7E-10, 5.3E-10, 3.6E-11, 9.5E+01, 9.1E+01, 8.8E+01, 8.5E+01, 3.3E+01, 2.2E+01, 1.5E+01, 6.4E+00, 8.8E+00, 1.1E+01, 1.3E+01, 1.3E+01, 1.5E+01, 1.0E+02, 1.0E+02, 1.0E+02, 8.1E-09, 1.6E-08, 1.5E-08, 1.7E-08, 1.4E-08, 1.0E-08, 1.1E-08, 8.3E-08, 8.6E+00, 8.6E+00, 8.6E+00, 1.2E+02, 1.2E+02, 1.2E+02, 1.2E+02, 1.2E+02, 1.2E+02, 1.2E+02, 1.2E+02, 1.2E+02, 1.2E+02, 1.2E+02, 1.2E+02, 1.2E+02, 1.2E+02, 1.2E+02, 1.2E+02, 1.2E+02, 1.2E+02, 1.2E+02, 2.1E+01, 3.3E-06, 2.8E-07, 1.7E-07, 1.3E-07, 1.1E-07, 1.1E-07, 1.1E-07, 1.1E-07, 1.1E-07, 8.8E-08, 9.0E-08, 9.5E-08, 9.8E-08, 1.0E-07, 1.0E-07, 1.0E-07, 1.1E-07, 2.1E-07, 1.9E-07, 2.3E-07, 2.4E-07, 2.4E-07, 2.8E-07, 3.4E-07, 4.3E-07, 3.2E-07, 4.2E-07, 5.9E-07, 9.9E-07, 2.6E-06, 2.5E-07, 5.2E-06, 1.6E-06, 2.0E-08, 1.7E-06, 2.6E-06, 1.3E-07, 1.1E-05, 2.1E+01, 2.1E+01, 2.1E+01, 2.1E+01, 2.0E+01, 2.1E+01, 2.1E+01, 1.2E+02, 1.2E+02, 1.2E+02, 1.2E+02, 1.2E+02, 1.2E+02, 1.2E+02, 1.2E+02, 1.2E+02, 1.2E+02, 1.2E+02, 1.2E+02, 1.2E+02, 1.2E+02, 1.2E+02, 1.2E+02, 1.2E+02, 1.2E+02, 1.2E+02, 1.2E+02, 1.2E+02, 1.2E+02, 5.5E-02, 5.6E-07, 3.0E-07, 2.5E-07, 3.9E-07, 1.9E-07, 3.5E-06, 2.4E-07, 3.3E-06, 2.7E-06, 5.1E-06, 2.2E-07, 9.3E-07, 1.6E-06, 1.5E-06, 3.2E-06, 8.7E-06, 1.2E-05, 3.0E-07, 2.1E-06, 3.9E-06, 1.5E-05, 1.1E-05, 5.4E-06, 1.7E-06, 2.7E-06, 5.8E-07, 3.5E-07, 1.7E-06, 2.1E+01, 2.1E+01, 2.1E+01, 2.1E+01, 2.1E+01, 2.1E+01, 2.1E+01, 2.1E+01, 2.6E-07, 1.6E-07, 1.2E+02, 1.2E+02, 1.2E+02, 1.2E+02, 1.7E-06, 1.8E-06, 6.3E-08, 3.8E-07, 2.0E-08, 2.1E+01, 2.1E+01, 2.1E+01, 2.1E+01, 2.1E+01, 2.1E+01, 2.1E+01, 1.2E+02, 1.2E+02, 1.2E+02, 1.2E+02, 1.0E+02, 1.0E+02, 1.0E+02, 1.0E+02, 1.0E+02, 1.0E+02, 1.2E+02, 1.2E+02, 1.2E+02, 5.5E+01, 6.4E-07, 1.4E-07, 5.1E-08, 2.7E-06, 1.0E-07, 4.3E-07, 3.0E-06, 2.6E-06, 3.5E-06, 4.5E-06, 8.6E-08, 2.6E-07, 4.5E-07, 2.4E-07, 6.6E-07, 7.8E-07, 1.6E-07, 5.5E-06, 4.4E-06, 3.5E-06, 3.1E-06, 1.8E-06, 2.0E-07, 3.1E-06, 1.6E-07, 1.6E-07, 1.7E-07, 2.1E-06, 5.5E-06, 3.8E-06, 9.6E-06, 8.9E-06, 5.6E-06, 2.8E-06, 2.5E-07, 3.5E-07, 6.2E-09, 2.9E-07, 2.1E-07, 2.2E-07, 2.7E-07, 2.5E-08, 3.5E-08, 8.4E-09, 1.3E-08, 3.5E-07, 5.7E-08, 1.4E-07, 4.0E-07, 3.3E-07, 3.1E-07, 7.5E-08, 4.5E-07, 6.7E-09, 1.3E-08, 5.4E-08, 5.0E-08, 1.2E-07, 3.6E-07, 1.5E-08, 2.0E-08, 1.0E+02, 1.0E+02, 1.0E+02, 1.0E+02, 1.0E+02, 1.0E+02, 1.0E+02, 1.0E+02, 1.0E+02, 1.0E+02, 7.7E+01, 2.9E-07, 1.4E-07, 6.0E-08, 6.4E-08, 5.9E-08, 1.1E-07, 1.6E-07, 3.1E-07, 2.6E-07, 1.7E-06, 1.7E-07, 8.5E-12, 3.9E-08, 0.0E+00, 6.9E-11, 2.8E-10, 0.0E+00, 0.0E+00, 1.6E-07, 1.8E-12, 1.1E+01, 1.8E+01, 2.5E+01, 3.8E+01, 3.6E+01, 3.4E+01, 3.0E+01, 2.7E+01, 2.9E+01, 2.1E+01, 2.6E+01, 2.4E+01, 2.1E+01, 2.1E+01, 2.1E+01, 2.0E+01, 2.0E+01, 2.0E+01, 2.0E+01, 2.0E+01, 2.0E+01, 2.0E+01, 2.0E+01, 2.6E+01, 1.4E+01, 1.4E+01, 1.0E+02, 1.0E+02, 1.0E+02, 9.2E-09, 1.8E-08, 2.1E-08, 1.4E-08, 8.6E+00, 8.6E+00, 8.6E+00, 8.6E+00, 8.6E+00, 1.2E+02, 1.2E+02, 1.2E+02, 1.2E+02, 1.2E+02, 1.2E+02, 1.2E+02, 1.2E+02, 1.2E+02, 1.2E+02, 1.2E+02, 1.2E+02, 1.2E+02, 1.2E+02, 1.2E+02, 1.2E+02, 1.2E+02, 1.2E+02, 1.0E+02, 1.0E+02, 1.0E+02, 6.6E-07, 2.0E-07, 1.3E-07, 1.1E-07, 9.2E-08, 8.5E-08, 8.5E-08, 8.6E-08, 8.8E-08, 9.1E-08, 7.7E-08, 8.1E-08, 8.5E-08, 8.8E-08, 9.1E-08, 9.3E-08, 9.6E-08, 1.5E-07, 1.6E-07, 1.8E-07, 1.9E-07, 4.1E-07, 1.1E-06, 1.9E-06, 2.6E-06, 2.6E-06, 1.2E-06, 1.3E-06, 5.4E-07, 1.7E-07, 1.7E-07, 2.0E-07, 2.9E-07, 6.4E-07, 4.1E-07, 2.5E-07, 2.5E-07, 3.1E-07, 5.7E-07, 2.6E-07, 8.6E-07, 8.3E-08, 5.7E-08, 2.1E+01, 2.1E+01, 2.1E+01, 2.1E+01, 2.1E+01, 2.1E+01, 2.1E+01, 2.1E+01, 2.1E+01, 2.1E+01, 2.1E+01, 2.1E+01, 1.2E+02, 1.2E+02, 1.2E+02, 1.2E+02, 1.2E+02, 1.2E+02, 1.2E+02, 1.2E+02, 1.2E+02, 1.2E+02, 1.2E+02, 1.2E+02, 1.2E+02, 1.2E+02, 1.2E+02, 1.2E+02, 1.2E+02, 1.2E+02, 6.9E+01, 9.0E-07, 4.4E-07, 3.3E-07, 2.7E-07, 2.3E-07, 3.7E-06, 3.5E-07, 3.3E-06, 2.8E-06, 4.7E-06, 3.1E-07, 4.6E-07, 7.2E-07, 1.0E-06, 1.6E-06, 2.0E-06, 2.1E-06, 1.9E-06, 1.3E-06, 1.3E-06, 8.8E-07, 6.5E-07, 4.5E-07, 2.9E-07, 6.9E-06, 5.2E-06, 3.0E-06, 1.5E-06, 3.1E-06, 7.2E-08, 2.1E+01, 2.1E+01, 2.1E+01, 2.1E+01, 2.1E+01, 2.1E+01, 1.7E-05, 2.2E-06, 2.5E-07, 7.5E-07, 7.7E-07, 6.2E-08, 2.5E-07, 1.2E+02, 1.2E+02, 1.2E+02, 1.2E+02, 1.2E+02, 1.2E+02, 1.2E+02, 1.2E+02, 1.2E+02, 1.2E+02, 1.2E+02, 1.2E+02, 1.2E+02, 1.2E+02, 1.2E+02, 1.2E+02, 1.2E+02, 1.2E+02, 1.2E+02, 1.2E+02, 9.4E+01, 9.5E-06, 7.3E-07, 4.1E-07, 3.0E-07, 2.6E-07, 2.0E-07, 1.8E-07, 1.7E-07, 1.3E-07, 1.4E-07, 1.3E-07, 3.8E-07, 8.5E-08, 7.1E-08, 3.1E-06, 3.6E-06, 9.0E-07, 2.8E-06, 3.3E-06, 2.7E-06, 4.1E-06, 6.0E-06, 2.9E-06, 2.8E-06, 2.5E-06, 2.4E-06, 3.2E-06, 2.7E-06, 1.2E-06, 1.5E-07, 3.1E-06, 7.7E-08, 7.3E-08, 6.8E-08, 6.7E-08, 5.7E-08, 2.0E-06, 5.0E-07, 1.7E-07, 1.6E-07, 1.6E-07, 1.7E-07, 1.4E-07, 1.2E-07, 1.5E-07, 1.8E-07, 2.6E-07, 2.9E-07, 2.6E-07, 1.8E-07, 1.9E-07, 2.4E-07, 5.1E-07, 1.5E-08, 2.3E-08, 4.8E-08, 1.7E-08, 3.5E-07, 1.2E-08, 4.1E-07, 1.1E-08, 2.7E-07, 2.2E-07, 4.4E-07, 1.4E-07, 5.0E-09, 5.2E-07, 7.6E-07, 3.4E-07, 1.3E-07, 1.3E-06, 2.5E-06, 3.0E+01, 1.0E+02, 1.0E+02, 1.0E+02, 1.0E+02, 1.0E+02, 1.0E+02, 1.0E+02, 1.0E+02, 1.0E+02, 1.0E+02, 1.0E+02, 6.1E+01, 6.7E-07, 1.5E-06, 6.8E-07, 4.0E-07, 3.0E-07, 2.6E-07, 2.7E-07, 3.4E-07, 1.2E-07, 2.7E-07, 6.1E-08, 2.8E-07, 4.4E-07, 7.0E-08, 3.6E-08, 1.2E-07, 6.4E-10, 8.6E-09, 4.3E-11, 3.7E-08, 4.6E-11, 1.5E-09, 9.6E-09, 2.9E-07, 2.9E-08, 1.7E-06, 1.5E-06, 2.7E-08, 0.0E+00, 2.6E+01, 1.0E+02, 9.8E+01, 1.0E+02, 1.0E+02, 1.0E+02, 1.4E-08, 2.0E-08, 1.6E-08, 1.7E-08, 1.5E-08, 1.3E-08, 1.6E-08, 1.2E+02, 1.2E+02, 1.2E+02, 1.2E+02, 1.2E+02, 1.2E+02, 1.2E+02, 1.2E+02, 1.2E+02, 1.2E+02, 1.2E+02, 1.2E+02, 1.2E+02, 1.2E+02, 1.2E+02, 1.2E+02, 1.2E+02, 1.2E+02, 1.2E+02, 1.2E+02, 1.2E+02, 2.1E+01, 2.1E+01, 1.3E-07, 9.7E-08, 8.2E-08, 7.5E-08, 7.2E-08, 7.1E-08, 7.1E-08, 7.5E-08, 7.9E-08, 8.3E-08, 7.5E-08, 7.9E-08, 8.3E-08, 8.7E-08, 8.9E-08, 9.2E-08, 9.4E-08, 9.5E-08, 9.6E-08, 9.8E-08, 9.8E-08, 9.8E-08, 9.6E-08, 9.3E-08, 8.8E-08, 3.3E-07, 1.2E-06, 2.4E-06, 2.8E-06, 2.9E-06, 3.0E-06, 2.8E-06, 2.4E-06, 1.1E-06, 3.5E-07, 1.7E-07, 3.5E-06, 2.6E-06, 2.2E-07, 2.4E-07, 7.0E-07, 1.1E-07, 1.2E+02, 1.2E+02, 1.2E+02, 1.2E+02, 1.2E+02, 1.2E+02, 1.2E+02, 1.2E+02, 1.2E+02, 1.2E+02, 1.2E+02, 1.2E+02, 1.2E+02, 1.2E+02, 1.2E+02, 1.2E+02, 1.2E+02, 1.2E+02, 1.2E+02, 1.2E+02, 1.2E+02, 3.7E+01, 2.1E+01, 2.1E+01, 2.1E+01, 2.1E+01, 2.1E+01, 2.1E+01, 2.1E+01, 2.1E+01, 2.1E+01, 2.1E+01, 2.1E+01, 2.1E+01, 2.1E+01, 5.0E-07, 1.9E-07, 2.2E-07, 2.9E-06, 7.4E-08, 8.8E-08, 1.5E-07, 1.7E-07, 3.2E-07, 2.7E-06, 3.7E-06, 3.4E-06, 4.6E-06, 5.6E-06, 7.6E-06, 9.7E-06, 1.2E-05, 1.5E-05, 1.6E-05, 7.8E-06, 1.1E-07, 1.2E+02, 1.2E+02, 1.2E+02, 1.2E+02, 1.2E+02, 1.2E+02, 1.2E+02, 9.5E-08, 4.3E-06, 5.2E-06, 8.6E-07, 5.3E-06, 3.4E-07, 1.5E-06, 1.2E+02, 1.2E+02, 1.2E+02, 1.2E+02, 1.2E+02, 1.2E+02, 1.2E+02, 1.2E+02, 1.2E+02, 1.2E+02, 1.2E+02, 1.2E+02, 1.2E+02, 1.2E+02, 1.2E+02, 1.2E+02, 1.2E+02, 1.2E+02, 1.2E+02, 2.1E+01, 2.1E+01, 2.1E+01, 2.1E+01, 2.1E+01, 2.1E+01, 2.1E+01, 2.1E+01, 2.1E+01, 4.7E-07, 2.0E-05, 3.7E-05, 3.9E-05, 3.4E-05, 6.9E-05, 2.6E-06, 9.3E-06, 6.2E-05, 1.5E-06, 1.9E-06, 5.4E-05, 2.8E-06, 3.7E-06, 4.7E-06, 4.7E-06, 4.1E-06, 1.7E-07, 3.7E-07, 1.2E-06, 2.3E-06, 1.0E-05, 4.8E-05, 7.2E-07, 6.5E-07, 5.6E-07, 4.5E-07, 2.2E-07, 3.5E-07, 5.5E-06, 4.2E-06, 2.6E-06, 1.7E-06, 6.3E-08, 2.3E-06, 3.7E-08, 6.1E-07, 8.2E-08, 2.1E-08, 1.7E-06, 4.2E-09, 6.7E-08

Carbohydrate Events (50 total):
  - Week 1 Day 1 07:38: 116.0g (breakfast)
  - Week 1 Day 1 09:26: 12.6g (morning_snack)
  - Week 1 Day 1 13:41: 118.4g (lunch)
  - Week 1 Day 1 15:52: 16.5g (afternoon_snack)
  - Week 1 Day 1 19:41: 104.6g (dinner)
  - Week 1 Day 2 07:52: 83.6g (breakfast)
  - Week 1 Day 2 09:35: 12.9g (morning_snack)
  - Week 1 Day 2 13:17: 111.1g (lunch)
  - Week 1 Day 2 15:27: 11.5g (afternoon_snack)
  - Week 1 Day 2 18:38: 109.5g (dinner)
  - Week 1 Day 3 07:36: 105.1g (breakfast)
  - Week 1 Day 3 10:04: 19.1g (morning_snack)
  - Week 1 Day 3 12:41: 109.9g (lunch)
  - Week 1 Day 3 15:49: 12.4g (afternoon_snack)
  - Week 1 Day 3 19:56: 92.1g (dinner)
  - Week 1 Day 4 07:01: 95.8g (breakfast)
  - Week 1 Day 4 10:46: 12.2g (morning_snack)
  - Week 1 Day 4 12:23: 86.5g (lunch)
  - Week 1 Day 4 16:33: 13.5g (afternoon_snack)
  - Week 1 Day 4 18:06: 90.1g (dinner)
  - Week 1 Day 5 06:15: 116.8g (breakfast)
  - Week 1 Day 5 10:07: 17.0g (morning_snack)
  - Week 1 Day 5 12:32: 101.0g (lunch)
  - Week 1 Day 5 16:13: 11.9g (afternoon_snack)
  - Week 1 Day 5 19:11: 112.3g (dinner)
  - Week 1 Day 6 07:03: 111.1g (breakfast)
  - Week 1 Day 6 10:04: 15.8g (morning_snack)
  - Week 1 Day 6 13:52: 92.1g (lunch)
  - Week 1 Day 6 16:17: 16.9g (afternoon_snack)
  - Week 1 Day 6 18:26: 102.2g (dinner)
  - Week 1 Day 7 06:10: 107.9g (breakfast)
  - Week 1 Day 7 09:03: 19.5g (morning_snack)
  - Week 1 Day 7 13:36: 83.6g (lunch)
  - Week 1 Day 7 16:57: 19.4g (afternoon_snack)
  - Week 1 Day 7 18:19: 89.7g (dinner)
  - Week 2 Day 1 07:34: 90.1g (breakfast)
  - Week 2 Day 1 10:57: 17.4g (morning_snack)
  - Week 2 Day 1 12:54: 115.6g (lunch)
  - Week 2 Day 1 16:22: 12.4g (afternoon_snack)
  - Week 2 Day 1 19:00: 88.9g (dinner)
  - Week 2 Day 2 07:24: 99.8g (breakfast)
  - Week 2 Day 2 10:20: 15.8g (morning_snack)
  - Week 2 Day 2 13:30: 80.8g (lunch)
  - Week 2 Day 2 16:49: 13.7g (afternoon_snack)
  - Week 2 Day 2 18:43: 108.7g (dinner)
  - Week 2 Day 3 07:10: 103.4g (breakfast)
  - Week 2 Day 3 10:22: 15.8g (morning_snack)
  - Week 2 Day 3 12:26: 115.6g (lunch)
  - Week 2 Day 3 15:26: 16.6g (afternoon_snack)
  - Week 2 Day 3 18:07: 111.9g (dinner)

Running Events (10 total):
 - Week 1 Day 1 06:22: Running avg speed 5.0 mph for 30 min
 - Week 1 Day 2 06:22: Running avg speed 5.0 mph for 30 min
 - Week 1 Day 3 06:22: Running avg speed 5.0 mph for 30 min
 - Week 1 Day 4 06:22: Running avg speed 5.0 mph for 30 min
 - Week 1 Day 5 06:22: Running avg speed 5.0 mph for 30 min
 - Week 1 Day 6 06:22: Running avg speed 5.0 mph for 30 min
 - Week 1 Day 7 06:22: Running avg speed 5.0 mph for 30 min
 - Week 2 Day 1 06:22: Running avg speed 5.0 mph for 30 min
 - Week 2 Day 2 06:22: Running avg speed 5.0 mph for 30 min
 - Week 2 Day 3 06:22: Running avg speed 5.0 mph for 30 min

Cycling Events (10 total):
  - Week 1 Day 1 17:35: Cycling avg power 90.0 for 20 min
  - Week 1 Day 2 17:35: Cycling avg power 90.0 for 20 min
  - Week 1 Day 3 17:24: Cycling avg power 90.0 for 20 min
  - Week 1 Day 4 17:40: Cycling avg power 90.0 for 20 min
  - Week 1 Day 5 16:29: Cycling avg power 90.0 for 20 min
  - Week 1 Day 6 17:03: Cycling avg power 90.0 for 20 min
  - Week 1 Day 7 16:24: Cycling avg power 90.0 for 20 min
  - Week 2 Day 1 17:50: Cycling avg power 90.0 for 20 min
  - Week 2 Day 2 17:41: Cycling avg power 90.0 for 20 min
  - Week 2 Day 3 17:07: Cycling avg power 90.0 for 20 min



Question: Will I need a correction insulin dose in the next 2 hours?

Instructions: Predict if a user has to take an insulin dose in the next 2 hours.

Expected Answer Type: string

Example Answer: No

Please analyze the data carefully and provide your answer as a **json object** in the exact format specified by the answer type. Be precise and base your response only on the data provided.

Conclude your analysis with: 
```json 
{"answer": your answer here}
```