You are a medical AI assistant analyzing diabetes management data. Based on the patient's health data, answer the following question accurately.

PATIENT DATA OVERVIEW:
This data represents a continuous glucose monitoring (CGM) session for a diabetes patient. The data includes:
- Blood glucose readings taken every 5 minutes, begining at Week 1, Day 1, 00:00 (normal range: 70-180 mg/dL)
- Carbohydrate intake events with timing and amounts
- Insulin delivery events (basal background insulin and bolus meal insulin)
- Physical activity events (running/cycling with duration and intensity)

The data may contain various artifacts, sensor issues, or abnormal patterns that need to be identified and analyzed.

Patient Health Data:

Blood Glucose Readings (mg/dL, every 5 minutes): 5041 readings
  Values: 108.0, 108.0, 108.0, 108.0, 108.0, 108.0, 108.0, 108.0, 108.1, 108.1, 108.2, 108.3, 108.5, 108.6, 108.8, 109.0, 109.3, 109.5, 109.6, 109.8, 110.0, 110.1, 110.2, 110.3, 110.3, 110.4, 110.4, 110.4, 110.4, 110.4, 110.4, 110.4, 110.4, 110.4, 110.3, 110.3, 110.3, 110.3, 110.3, 110.3, 110.2, 110.2, 110.2, 110.2, 110.2, 110.2, 110.2, 110.2, 110.2, 110.2, 110.2, 110.2, 110.2, 110.2, 110.2, 110.2, 110.2, 110.2, 110.2, 110.2, 110.2, 110.2, 110.2, 110.2, 110.2, 110.2, 110.2, 110.2, 110.2, 110.2, 110.2, 110.2, 110.2, 110.2, 110.2, 110.2, 110.2, 110.2, 109.4, 105.4, 99.3, 92.9, 87.0, 82.2, 79.0, 79.0, 81.3, 84.5, 87.6, 90.3, 92.4, 94.2, 96.1, 98.3, 101.0, 104.5, 108.7, 113.8, 119.9, 126.8, 134.6, 143.3, 152.8, 162.8, 173.1, 183.4, 193.5, 203.0, 211.9, 220.0, 227.1, 233.3, 238.5, 242.7, 245.8, 247.9, 249.0, 249.1, 248.4, 246.8, 244.4, 241.3, 237.6, 233.4, 228.7, 223.6, 218.3, 212.7, 206.9, 201.1, 195.2, 189.7, 185.0, 181.1, 177.8, 174.9, 172.0, 169.1, 166.1, 163.0, 159.8, 156.6, 153.2, 149.8, 146.4, 143.0, 139.6, 136.3, 133.1, 129.9, 126.9, 123.9, 121.1, 118.4, 115.9, 113.4, 111.1, 109.0, 106.9, 105.0, 103.3, 101.6, 100.1, 98.7, 97.4, 96.3, 95.2, 94.3, 93.5, 93.0, 93.1, 94.0, 95.9, 99.0, 103.5, 109.1, 115.7, 123.0, 130.8, 138.8, 146.9, 155.0, 162.8, 170.2, 177.3, 183.8, 189.8, 195.2, 200.0, 204.4, 208.8, 213.1, 217.1, 220.7, 223.5, 225.5, 226.6, 226.8, 226.2, 224.7, 222.6, 219.7, 216.3, 212.4, 208.2, 203.5, 198.7, 193.6, 188.4, 183.1, 177.8, 172.5, 167.2, 162.0, 156.8, 151.8, 146.3, 138.7, 129.8, 120.6, 111.8, 105.3, 100.8, 97.2, 94.1, 91.3, 88.5, 85.8, 83.2, 80.7, 78.4, 76.1, 74.0, 72.0, 70.1, 68.4, 66.7, 65.0, 63.3, 61.7, 60.5, 59.8, 59.7, 60.6, 62.5, 65.6, 69.6, 74.5, 80.1, 86.2, 92.6, 99.1, 105.7, 112.2, 118.5, 124.6, 130.3, 135.7, 140.6, 145.1, 149.1, 152.6, 155.5, 157.9, 159.7, 161.0, 161.8, 162.0, 161.7, 161.0, 159.8, 158.3, 156.3, 154.1, 151.7, 149.0, 146.1, 143.1, 139.9, 136.7, 133.4, 130.1, 126.8, 123.5, 120.2, 117.0, 113.8, 110.7, 107.7, 104.7, 101.8, 99.1, 96.4, 93.8, 91.4, 89.0, 86.7, 84.6, 82.6, 80.8, 79.1, 77.6, 76.2, 75.0, 73.8, 72.8, 71.9, 71.2, 70.5, 70.0, 69.5, 69.2, 68.9, 68.7, 68.7, 68.7, 68.8, 69.0, 69.3, 69.7, 70.2, 70.7, 71.4, 72.1, 72.8, 73.7, 74.6, 75.6, 76.6, 77.7, 78.9, 80.2, 81.5, 82.9, 84.5, 86.1, 87.9, 89.7, 91.6, 93.6, 95.7, 97.8, 99.9, 102.0, 103.9, 105.8, 107.6, 109.2, 110.6, 111.8, 112.8, 113.6, 114.2, 114.7, 115.0, 115.2, 115.2, 115.1, 114.9, 114.6, 114.3, 113.9, 113.4, 113.0, 112.5, 112.0, 110.7, 106.1, 99.5, 92.5, 86.3, 81.1, 77.4, 77.1, 79.0, 81.8, 84.5, 86.8, 88.6, 90.1, 91.4, 92.5, 93.6, 94.8, 96.3, 98.3, 100.8, 104.1, 108.2, 113.1, 118.7, 125.2, 132.5, 140.5, 149.1, 157.9, 166.8, 175.4, 183.7, 191.6, 199.4, 207.7, 216.2, 224.2, 231.6, 238.0, 243.2, 247.3, 250.1, 251.6, 252.0, 251.3, 249.7, 247.1, 243.8, 239.9, 235.4, 230.4, 225.1, 219.6, 213.8, 207.9, 202.0, 196.0, 190.1, 184.2, 178.4, 172.8, 167.2, 161.8, 156.5, 151.4, 146.5, 141.8, 137.2, 132.8, 128.6, 124.5, 120.7, 117.0, 113.5, 110.2, 107.1, 104.1, 101.3, 98.6, 96.1, 93.8, 91.7, 90.1, 89.0, 88.7, 89.2, 90.7, 93.0, 96.3, 100.5, 105.6, 111.3, 117.3, 123.6, 129.8, 136.0, 141.9, 147.6, 152.8, 157.5, 161.7, 165.3, 168.3, 170.7, 172.4, 173.5, 173.9, 173.8, 173.1, 171.8, 170.1, 167.9, 165.3, 162.4, 159.2, 155.7, 151.5, 144.6, 136.3, 127.4, 119.1, 113.4, 109.5, 106.9, 105.4, 104.6, 103.9, 103.3, 102.5, 101.5, 100.2, 98.8, 97.2, 95.5, 93.7, 91.8, 89.9, 87.9, 85.9, 84.0, 82.1, 80.4, 78.7, 77.2, 75.7, 74.4, 73.2, 72.1, 71.1, 70.2, 69.4, 68.7, 68.1, 67.6, 67.1, 66.8, 66.6, 66.4, 66.3, 66.5, 67.0, 68.0, 69.7, 72.1, 75.3, 79.4, 84.5, 90.6, 97.7, 105.7, 114.4, 123.4, 132.7, 142.0, 151.1, 159.9, 168.4, 176.2, 183.5, 190.1, 196.0, 201.1, 205.4, 208.9, 211.6, 213.5, 214.5, 214.7, 214.2, 212.9, 211.0, 208.4, 205.3, 201.8, 197.8, 193.4, 188.8, 184.0, 179.0, 173.9, 168.8, 163.5, 158.3, 153.2, 148.1, 143.1, 138.2, 133.5, 128.8, 124.3, 119.9, 115.6, 111.4, 107.3, 103.5, 99.7, 96.1, 92.7, 89.4, 86.3, 83.5, 80.8, 78.3, 76.0, 73.9, 72.0, 70.1, 68.5, 66.9, 65.3, 63.8, 62.3, 60.7, 59.0, 57.3, 55.6, 54.0, 52.3, 50.8, 49.3, 47.9, 46.6, 45.5, 44.4, 43.5, 42.7, 42.1, 41.5, 41.1, 40.8, 40.6, 40.6, 40.6, 40.7, 41.0, 41.3, 41.8, 42.3, 42.9, 43.6, 44.4, 45.3, 46.2, 47.3, 48.4, 49.5, 50.8, 52.1, 53.5, 55.0, 56.5, 58.2, 60.0, 61.9, 63.9, 66.0, 68.3, 70.6, 72.9, 75.3, 77.9, 80.5, 83.2, 86.1, 89.1, 92.2, 95.5, 98.3, 99.0, 98.8, 98.8, 99.5, 101.2, 104.0, 109.2, 115.8, 122.7, 129.0, 134.2, 138.4, 141.6, 144.0, 145.7, 147.0, 148.1, 149.6, 151.8, 154.9, 159.1, 164.3, 170.3, 176.7, 183.3, 189.6, 195.6, 201.0, 205.8, 209.9, 213.1, 215.5, 217.1, 217.8, 217.7, 216.8, 215.3, 213.0, 210.2, 206.9, 203.2, 199.1, 194.7, 190.1, 185.3, 180.4, 175.8, 171.8, 168.2, 164.8, 161.4, 158.1, 154.7, 151.2, 147.7, 144.1, 140.5, 136.9, 133.3, 129.8, 126.3, 123.0, 119.7, 116.5, 113.4, 110.5, 107.7, 105.0, 102.5, 100.5, 99.1, 98.4, 98.6, 99.6, 101.5, 104.4, 108.2, 112.8, 118.1, 123.6, 129.4, 135.2, 140.9, 146.3, 151.5, 156.2, 160.4, 164.2, 167.3, 169.9, 171.9, 173.3, 174.0, 174.2, 173.8, 172.8, 171.3, 169.4, 167.1, 164.4, 161.3, 158.0, 154.5, 150.7, 146.9, 143.0, 139.0, 135.1, 131.1, 127.1, 123.2, 119.2, 115.4, 111.6, 107.8, 104.1, 100.5, 97.0, 93.5, 90.1, 86.8, 83.7, 80.3, 74.8, 68.6, 62.6, 57.7, 55.5, 54.7, 54.4, 54.2, 54.0, 53.5, 52.8, 51.9, 50.9, 49.8, 48.5, 47.3, 46.0, 44.7, 43.3, 42.1, 40.8, 39.6, 38.4, 37.3, 36.2, 35.3, 34.6, 34.3, 34.6, 35.5, 37.1, 39.4, 42.5, 46.4, 51.1, 56.6, 62.7, 69.2, 76.2, 83.5, 91.0, 98.6, 106.1, 113.5, 120.7, 127.6, 134.2, 140.4, 146.1, 151.4, 156.2, 160.5, 164.1, 167.3, 169.8, 171.7, 173.1, 173.8, 174.0, 173.7, 172.8, 171.4, 169.6, 167.5, 164.9, 162.1, 159.0, 155.7, 152.2, 148.6, 144.8, 141.0, 137.2, 133.3, 129.5, 125.7, 121.9, 118.2, 114.5, 111.0, 107.5, 104.1, 100.9, 97.7, 94.7, 91.8, 89.0, 86.3, 83.8, 81.5, 79.3, 77.3, 75.4, 73.8, 72.2, 70.8, 69.5, 68.3, 67.2, 66.1, 65.2, 64.2, 63.4, 62.5, 61.6, 60.8, 59.9, 59.1, 58.2, 57.4, 56.6, 55.8, 55.1, 54.5, 53.9, 53.4, 53.0, 52.7, 52.5, 52.3, 52.3, 52.4, 52.5, 52.8, 53.1, 53.5, 54.1, 54.7, 55.4, 56.3, 57.2, 58.3, 59.5, 60.8, 62.2, 63.8, 65.6, 67.4, 69.4, 71.4, 73.5, 75.6, 77.9, 80.2, 82.7, 85.3, 88.1, 90.9, 93.8, 96.9, 100.0, 103.2, 106.3, 109.4, 112.4, 115.3, 118.1, 120.6, 122.8, 124.7, 126.3, 127.6, 128.5, 129.1, 128.5, 124.5, 118.1, 110.9, 103.8, 97.2, 91.8, 89.7, 90.1, 91.5, 92.8, 93.6, 93.9, 93.8, 93.5, 93.1, 92.4, 91.7, 90.8, 89.8, 88.8, 88.0, 87.8, 88.2, 89.5, 91.7, 95.0, 99.2, 104.6, 110.9, 118.2, 126.2, 134.8, 143.8, 153.3, 163.8, 174.7, 185.5, 195.8, 205.4, 213.9, 221.3, 227.5, 232.5, 236.3, 239.0, 240.6, 241.2, 240.8, 239.5, 237.4, 234.5, 231.1, 227.1, 222.7, 217.8, 212.7, 207.4, 201.9, 196.2, 190.6, 184.9, 179.2, 173.6, 168.1, 162.7, 157.5, 152.3, 147.3, 142.6, 138.4, 134.9, 132.4, 130.9, 130.4, 131.2, 133.0, 135.8, 139.4, 143.4, 147.6, 151.9, 156.1, 160.0, 163.7, 166.9, 169.7, 172.0, 173.8, 175.1, 175.8, 175.9, 175.5, 174.6, 173.3, 171.6, 169.5, 167.2, 164.5, 161.7, 158.7, 155.5, 152.1, 148.7, 145.2, 141.8, 138.8, 136.3, 134.2, 132.3, 130.4, 128.6, 126.6, 124.6, 122.4, 120.1, 117.7, 114.8, 109.5, 103.1, 96.3, 90.1, 86.3, 83.9, 82.1, 80.7, 79.3, 78.0, 76.7, 75.4, 74.2, 73.0, 71.8, 70.8, 69.8, 68.9, 68.1, 67.3, 66.6, 66.0, 65.5, 65.1, 64.7, 64.4, 64.1, 63.9, 63.8, 63.8, 63.9, 64.1, 64.3, 64.7, 65.2, 65.7, 66.4, 67.2, 68.0, 69.0, 70.2, 71.6, 73.5, 75.9, 78.9, 82.7, 87.4, 92.8, 99.2, 106.3, 114.2, 122.6, 131.3, 140.1, 148.8, 157.3, 165.4, 173.0, 180.1, 186.5, 192.2, 197.1, 201.2, 204.5, 206.9, 208.5, 209.3, 209.3, 208.5, 207.0, 204.8, 202.1, 198.8, 195.1, 191.1, 186.7, 182.1, 177.3, 172.4, 167.4, 162.3, 157.2, 152.2, 147.1, 142.2, 137.3, 132.5, 127.8, 123.3, 118.9, 114.6, 110.5, 106.5, 102.7, 99.0, 95.5, 92.1, 88.9, 85.9, 83.1, 80.5, 78.1, 75.9, 73.9, 72.0, 70.3, 68.7, 67.2, 65.7, 64.3, 63.0, 61.6, 60.1, 58.6, 57.1, 55.6, 54.1, 52.6, 51.3, 50.0, 48.8, 47.7, 46.7, 45.9, 45.1, 44.5, 44.0, 43.7, 43.4, 43.2, 43.2, 43.3, 43.5, 43.7, 44.1, 44.6, 45.1, 45.8, 46.5, 47.3, 48.2, 49.2, 50.3, 51.4, 52.6, 53.9, 55.3, 56.8, 58.4, 60.1, 61.9, 63.8, 65.9, 68.0, 70.3, 72.6, 75.0, 77.4, 80.0, 82.6, 85.5, 88.4, 91.5, 94.6, 97.9, 101.2, 104.6, 108.0, 111.4, 114.8, 117.4, 117.6, 116.3, 114.7, 113.4, 112.6, 112.8, 115.5, 120.1, 125.8, 131.7, 137.6, 143.6, 149.8, 156.5, 163.6, 171.1, 178.6, 185.9, 192.6, 198.6, 203.7, 207.9, 211.1, 213.3, 214.5, 214.7, 214.1, 212.5, 210.3, 207.3, 203.8, 199.8, 195.5, 190.9, 186.1, 181.2, 176.2, 171.1, 166.0, 160.9, 155.9, 150.9, 145.9, 141.0, 136.3, 131.6, 127.0, 122.5, 118.2, 114.1, 110.6, 108.2, 106.5, 105.1, 104.0, 102.8, 101.5, 100.1, 98.6, 97.0, 95.3, 93.6, 91.9, 90.1, 88.3, 86.6, 84.9, 83.3, 81.8, 80.3, 79.0, 77.9, 76.8, 75.8, 75.0, 74.2, 73.6, 73.1, 72.7, 72.4, 72.2, 72.1, 72.1, 72.2, 72.3, 72.6, 73.0, 73.5, 74.5, 75.9, 78.0, 80.9, 84.6, 89.4, 95.2, 102.0, 109.7, 118.4, 127.7, 137.4, 147.2, 157.0, 166.5, 175.7, 184.3, 192.4, 199.7, 206.3, 212.2, 218.0, 224.0, 230.1, 235.8, 240.7, 244.6, 247.0, 246.1, 242.9, 238.0, 232.5, 228.3, 225.0, 221.9, 218.5, 214.7, 210.4, 205.7, 200.6, 195.3, 189.8, 184.2, 178.5, 173.0, 167.5, 162.0, 156.7, 151.5, 146.4, 141.4, 136.6, 131.9, 127.4, 123.0, 118.7, 114.6, 110.6, 106.9, 103.3, 99.8, 96.6, 93.4, 90.5, 87.7, 85.2, 83.1, 81.5, 80.5, 80.2, 80.5, 81.6, 83.4, 86.0, 89.4, 93.5, 98.3, 103.5, 109.1, 114.7, 120.4, 126.1, 131.5, 136.7, 141.6, 146.1, 150.2, 153.8, 157.0, 159.6, 161.8, 163.4, 164.5, 165.0, 165.1, 164.6, 163.7, 162.4, 160.7, 158.6, 156.2, 153.5, 150.7, 147.6, 144.3, 141.0, 137.6, 134.1, 130.5, 127.0, 123.5, 120.0, 116.5, 113.1, 109.8, 106.6, 103.4, 100.3, 97.4, 94.5, 91.8, 89.1, 86.6, 84.2, 82.0, 79.9, 78.0, 76.2, 74.6, 73.2, 71.8, 70.6, 69.5, 68.5, 67.6, 66.7, 66.0, 65.3, 64.7, 64.2, 63.7, 63.2, 62.9, 62.5, 62.3, 62.1, 61.9, 61.9, 61.9, 62.0, 62.2, 62.5, 63.0, 63.5, 64.2, 64.9, 65.8, 66.8, 67.9, 69.1, 70.4, 71.8, 73.2, 74.7, 76.3, 77.9, 79.6, 81.4, 83.3, 85.4, 87.5, 89.7, 92.0, 94.4, 96.8, 99.2, 101.6, 103.9, 106.1, 108.1, 110.0, 111.6, 113.1, 114.3, 115.2, 116.0, 116.5, 116.8, 117.0, 116.9, 116.7, 116.4, 116.0, 115.5, 114.9, 114.2, 113.5, 112.8, 112.1, 110.5, 105.5, 98.4, 91.0, 84.3, 78.6, 74.5, 73.8, 75.3, 77.8, 80.3, 82.4, 84.1, 85.6, 86.9, 88.1, 89.3, 90.4, 91.8, 93.6, 96.1, 99.4, 103.6, 108.9, 115.2, 122.5, 130.9, 140.3, 150.6, 161.6, 173.0, 184.5, 195.8, 206.7, 217.0, 226.6, 235.2, 243.0, 249.7, 255.4, 260.1, 263.7, 266.2, 267.7, 268.3, 267.8, 266.4, 264.2, 261.2, 257.4, 253.1, 248.2, 242.8, 237.0, 231.0, 224.7, 218.5, 212.8, 207.5, 202.6, 197.8, 193.1, 188.4, 183.7, 179.0, 174.3, 169.6, 164.8, 160.1, 155.5, 150.9, 146.5, 142.1, 137.9, 133.8, 129.9, 126.1, 122.5, 119.0, 115.7, 112.6, 109.8, 107.6, 106.2, 105.8, 106.4, 108.3, 111.2, 114.9, 119.3, 124.0, 128.9, 133.9, 138.7, 143.4, 147.8, 151.9, 155.6, 158.8, 161.6, 163.8, 165.6, 166.8, 167.5, 167.6, 167.3, 166.9, 166.6, 166.7, 166.8, 166.7, 166.3, 165.6, 164.4, 162.9, 161.0, 158.7, 156.2, 153.5, 150.6, 147.6, 144.4, 141.2, 138.0, 134.7, 131.5, 128.3, 125.2, 122.1, 119.1, 115.8, 110.3, 103.8, 97.2, 91.1, 87.4, 85.3, 83.8, 82.7, 81.6, 80.6, 79.6, 78.6, 77.6, 76.7, 76.0, 75.7, 76.0, 76.9, 78.7, 81.4, 85.2, 90.0, 95.9, 102.8, 110.3, 118.3, 126.6, 134.9, 143.1, 151.0, 158.6, 165.8, 172.3, 178.3, 183.6, 188.2, 192.1, 195.2, 197.6, 199.3, 200.2, 200.4, 199.8, 198.6, 196.8, 194.4, 191.6, 188.2, 184.5, 180.5, 176.2, 171.7, 167.1, 162.3, 157.6, 152.8, 148.1, 143.4, 138.7, 134.1, 129.6, 125.2, 120.9, 116.7, 112.5, 108.5, 104.6, 100.8, 97.2, 93.6, 90.1, 86.7, 83.5, 80.5, 77.7, 75.1, 72.7, 70.4, 68.2, 66.1, 63.9, 61.7, 59.3, 57.0, 54.7, 52.5, 50.3, 48.2, 46.3, 44.4, 42.6, 41.0, 39.4, 37.9, 36.5, 35.2, 34.1, 33.2, 32.3, 31.6, 31.0, 30.6, 30.2, 30.0, 29.9, 29.9, 30.1, 30.3, 30.6, 31.0, 31.5, 32.1, 32.8, 33.5, 34.4, 35.3, 36.3, 37.4, 38.5, 39.7, 41.0, 42.4, 43.8, 45.3, 46.8, 48.4, 50.0, 51.7, 53.5, 55.3, 57.3, 59.3, 61.4, 63.7, 66.0, 68.4, 70.9, 73.4, 76.0, 78.7, 81.5, 84.4, 87.5, 90.7, 94.0, 97.4, 100.9, 104.4, 107.9, 111.4, 114.7, 118.0, 121.1, 123.9, 126.5, 128.7, 130.6, 131.4, 129.0, 124.2, 118.7, 113.1, 107.8, 103.4, 102.0, 102.8, 104.4, 105.7, 106.5, 106.8, 107.0, 107.6, 109.0, 111.3, 114.6, 118.9, 124.4, 131.0, 138.5, 146.7, 155.1, 163.5, 171.6, 179.2, 186.2, 192.5, 198.1, 202.7, 206.5, 209.5, 211.5, 212.7, 213.0, 212.5, 211.3, 209.3, 206.8, 203.7, 200.1, 196.1, 191.8, 187.3, 182.6, 177.8, 173.0, 168.1, 163.3, 158.4, 153.6, 148.9, 144.4, 140.5, 137.3, 134.7, 132.5, 130.4, 128.4, 126.4, 124.2, 121.9, 119.6, 117.2, 114.8, 112.3, 109.9, 107.5, 105.2, 102.9, 100.7, 98.6, 96.6, 94.7, 92.8, 91.1, 89.5, 88.0, 86.6, 85.3, 84.1, 83.0, 82.1, 81.3, 80.6, 80.0, 79.6, 79.4, 79.5, 80.0, 81.2, 83.0, 85.6, 89.0, 93.3, 98.4, 104.3, 111.0, 118.2, 125.7, 133.4, 141.1, 148.7, 156.0, 163.0, 169.5, 175.6, 181.1, 185.9, 190.2, 193.8, 196.7, 199.0, 200.6, 201.5, 201.7, 201.3, 200.3, 198.7, 196.6, 194.0, 190.9, 187.0, 180.6, 173.1, 165.9, 159.7, 156.2, 154.3, 153.1, 152.0, 150.6, 148.8, 146.7, 144.3, 141.6, 138.7, 135.6, 132.5, 129.3, 126.1, 122.9, 119.7, 116.7, 113.7, 110.7, 107.9, 105.2, 102.7, 100.2, 97.8, 95.6, 93.6, 91.9, 90.7, 90.0, 89.9, 90.5, 91.7, 93.7, 96.3, 99.7, 103.7, 108.3, 113.5, 119.0, 124.7, 130.4, 136.0, 141.4, 146.5, 151.2, 155.5, 159.3, 162.5, 165.3, 167.4, 169.0, 170.0, 170.5, 170.3, 169.7, 168.5, 166.9, 164.9, 162.5, 159.8, 156.9, 153.7, 150.3, 146.8, 143.1, 139.4, 135.6, 131.8, 128.0, 124.3, 120.5, 116.9, 113.3, 109.7, 106.3, 102.9, 99.7, 96.6, 93.5, 90.6, 87.8, 85.2, 82.7, 80.4, 78.3, 76.3, 74.5, 72.8, 71.3, 69.8, 68.5, 67.3, 66.1, 65.0, 64.0, 62.9, 61.9, 60.8, 59.8, 58.7, 57.6, 56.5, 55.4, 54.4, 53.4, 52.5, 51.7, 51.0, 50.3, 49.8, 49.4, 49.0, 48.8, 48.7, 48.6, 48.7, 48.9, 49.2, 49.5, 50.0, 50.6, 51.2, 51.9, 52.8, 53.7, 54.7, 55.8, 57.0, 58.3, 59.7, 61.3, 63.0, 64.8, 66.8, 68.8, 70.9, 73.1, 75.4, 77.7, 80.2, 82.7, 85.4, 88.3, 91.2, 94.3, 97.4, 100.6, 103.9, 107.2, 110.5, 113.7, 116.9, 119.9, 122.7, 125.3, 127.6, 129.6, 131.3, 132.6, 133.5, 133.4, 129.7, 123.7, 116.8, 110.0, 103.5, 98.2, 96.1, 96.4, 97.6, 98.8, 99.5, 99.8, 100.1, 101.0, 102.6, 105.2, 108.9, 113.8, 119.8, 126.9, 134.6, 142.8, 151.1, 159.1, 166.8, 174.0, 180.5, 186.3, 191.3, 195.4, 198.6, 200.9, 202.3, 202.9, 202.6, 201.6, 199.9, 197.5, 194.6, 191.3, 187.9, 184.8, 181.9, 178.9, 175.9, 172.7, 169.3, 165.7, 162.0, 158.1, 154.1, 150.0, 145.9, 141.8, 137.6, 133.4, 129.3, 125.3, 121.3, 117.4, 113.5, 109.8, 106.2, 102.8, 99.5, 96.3, 93.3, 90.4, 87.7, 85.1, 82.8, 80.6, 78.8, 77.6, 77.2, 77.8, 79.4, 82.3, 86.4, 91.4, 97.1, 103.2, 109.6, 116.1, 122.7, 129.1, 135.2, 141.1, 146.6, 151.7, 156.4, 160.5, 164.1, 167.2, 169.6, 171.5, 172.8, 173.6, 173.7, 173.3, 172.4, 171.0, 169.2, 167.0, 164.4, 161.5, 158.3, 155.0, 151.4, 147.7, 143.9, 140.0, 136.1, 132.2, 128.5, 125.4, 122.9, 120.8, 118.9, 117.0, 115.1, 113.2, 111.2, 109.2, 107.1, 104.9, 102.8, 100.6, 98.5, 96.4, 94.3, 92.3, 90.3, 88.5, 86.7, 85.0, 83.4, 81.5, 77.8, 73.5, 69.0, 64.8, 62.6, 61.5, 60.9, 60.5, 60.1, 59.7, 59.2, 58.6, 58.0, 57.5, 57.2, 57.3, 57.8, 59.0, 60.9, 63.6, 67.0, 71.3, 76.4, 82.4, 89.1, 96.5, 104.3, 112.3, 120.4, 128.4, 136.3, 143.9, 151.1, 158.0, 164.3, 170.1, 175.2, 179.8, 183.7, 186.9, 189.5, 191.4, 192.6, 193.2, 193.1, 192.5, 191.2, 189.4, 187.1, 184.4, 181.4, 178.0, 174.3, 170.5, 166.4, 162.2, 157.9, 153.6, 149.2, 144.8, 140.5, 136.2, 131.9, 127.8, 123.7, 119.7, 115.9, 112.1, 108.5, 105.0, 101.6, 98.4, 95.3, 92.4, 89.5, 86.8, 84.3, 82.0, 79.9, 77.9, 76.1, 74.5, 73.0, 71.6, 70.4, 69.3, 68.3, 67.4, 66.6, 65.9, 65.2, 64.7, 64.2, 63.7, 63.4, 63.0, 62.8, 62.6, 62.5, 62.5, 62.6, 62.8, 63.1, 63.5, 63.9, 64.6, 65.3, 66.1, 67.1, 68.1, 69.3, 70.5, 71.8, 73.2, 74.6, 76.1, 77.7, 79.3, 81.1, 82.9, 84.9, 86.9, 89.1, 91.3, 93.6, 96.0, 98.3, 100.6, 102.8, 104.9, 106.9, 108.7, 110.3, 111.7, 112.9, 113.9, 114.6, 115.2, 115.6, 115.8, 115.9, 115.8, 115.6, 115.4, 115.0, 114.6, 114.1, 113.6, 113.0, 111.8, 107.4, 101.5, 95.9, 91.4, 88.7, 88.3, 92.4, 99.8, 108.9, 118.5, 128.0, 137.0, 145.3, 153.1, 160.1, 166.3, 171.7, 176.1, 179.5, 182.0, 183.6, 184.3, 184.3, 183.5, 182.1, 180.1, 177.6, 174.7, 171.4, 167.9, 164.1, 160.1, 156.1, 152.4, 149.3, 146.6, 144.2, 141.9, 139.5, 137.1, 134.6, 131.9, 129.2, 126.5, 123.6, 120.8, 118.0, 115.2, 112.4, 109.7, 107.1, 104.6, 102.1, 99.8, 97.5, 95.4, 93.4, 91.5, 89.7, 88.0, 86.5, 85.0, 83.7, 82.5, 81.5, 80.6, 79.8, 79.2, 78.6, 78.2, 77.9, 77.7, 77.7, 77.7, 77.8, 78.0, 78.3, 78.6, 79.1, 79.6, 80.2, 81.0, 81.8, 82.7, 83.7, 84.8, 86.0, 87.4, 88.8, 90.3, 92.2, 94.8, 98.4, 103.4, 110.0, 118.3, 128.4, 139.7, 152.0, 164.8, 177.8, 190.6, 203.2, 215.1, 226.3, 236.8, 247.0, 257.2, 267.3, 276.7, 285.1, 292.4, 298.2, 302.6, 305.5, 307.1, 307.2, 306.1, 303.8, 300.5, 296.2, 291.2, 285.5, 279.2, 272.5, 265.5, 258.2, 250.8, 243.3, 235.8, 228.3, 220.9, 213.6, 206.5, 199.5, 192.5, 183.6, 173.3, 162.4, 151.9, 143.4, 137.0, 132.1, 127.8, 123.9, 120.1, 116.6, 113.4, 110.9, 109.0, 108.0, 107.9, 108.7, 110.5, 113.2, 116.8, 121.0, 125.5, 130.2, 134.8, 139.4, 143.7, 147.8, 151.4, 154.5, 157.2, 159.4, 161.0, 162.0, 162.5, 162.5, 162.0, 161.0, 159.6, 157.8, 155.6, 153.2, 150.5, 147.6, 144.6, 141.5, 138.3, 135.0, 131.7, 128.3, 124.9, 121.5, 118.1, 114.8, 111.4, 108.1, 104.9, 101.7, 98.6, 95.5, 92.5, 89.6, 86.8, 84.2, 81.8, 79.5, 77.3, 75.4, 73.5, 71.8, 70.2, 68.7, 67.3, 66.0, 64.7, 63.4, 62.0, 60.7, 59.3, 57.8, 56.3, 54.9, 53.4, 52.0, 50.7, 49.5, 48.3, 47.3, 46.3, 45.5, 44.8, 44.2, 43.8, 43.4, 43.2, 43.0, 43.0, 43.0, 43.2, 43.5, 43.8, 44.3, 44.8, 45.5, 46.2, 47.0, 47.9, 48.8, 49.9, 51.0, 52.2, 53.4, 54.8, 56.2, 57.7, 59.4, 61.2, 63.1, 65.1, 67.2, 69.4, 71.7, 74.0, 76.4, 78.9, 81.6, 84.3, 87.2, 90.2, 93.3, 96.5, 99.8, 103.1, 106.4, 109.7, 112.9, 116.0, 118.9, 121.6, 124.0, 126.1, 127.8, 129.2, 130.3, 130.9, 131.3, 131.3, 131.0, 130.4, 129.5, 128.5, 127.2, 125.0, 118.9, 110.4, 101.3, 92.5, 84.6, 78.2, 75.2, 74.8, 75.4, 76.1, 76.4, 76.4, 76.2, 75.9, 75.6, 75.3, 74.9, 74.6, 74.5, 74.9, 75.8, 77.4, 79.8, 83.2, 87.6, 93.1, 99.4, 106.4, 113.8, 121.5, 129.2, 136.8, 144.2, 151.1, 157.7, 164.1, 170.4, 176.5, 182.3, 187.4, 191.8, 195.3, 198.0, 199.7, 200.6, 200.7, 200.0, 198.7, 196.7, 194.1, 191.1, 187.7, 184.0, 180.0, 175.9, 171.6, 167.2, 162.7, 158.2, 153.7, 149.3, 144.9, 140.5, 136.3, 132.1, 128.1, 124.2, 120.4, 116.8, 113.3, 109.9, 106.7, 103.7, 101.0, 98.8, 97.2, 96.1, 95.7, 95.9, 96.8, 98.5, 100.7, 103.7, 107.2, 111.2, 115.6, 120.1, 124.6, 129.1, 133.3, 137.2, 140.8, 143.9, 146.6, 148.7, 150.4, 151.5, 152.1, 152.2, 151.9, 151.0, 149.8, 148.3, 146.4, 144.2, 141.7, 139.1, 136.3, 133.3, 130.2, 127.0, 123.8, 120.6, 117.3, 114.0, 110.8, 107.6, 104.4, 101.5, 99.0, 97.1, 95.7, 94.6, 93.7, 92.3, 88.8, 84.2, 79.4, 75.1, 72.9, 71.9, 71.6, 71.4, 71.3, 71.0, 70.7, 70.4, 70.0, 69.6, 69.2, 68.8, 68.5, 68.2, 68.0, 67.9, 67.8, 67.8, 67.9, 68.1, 68.4, 68.7, 69.1, 69.7, 70.3, 70.9, 71.7, 72.5, 73.4, 74.4, 75.6, 77.3, 79.8, 83.3, 88.1, 94.3, 101.8, 110.5, 119.9, 129.8, 140.1, 150.5, 160.9, 170.9, 180.6, 189.9, 198.5, 206.5, 213.8, 220.4, 226.1, 231.0, 235.0, 238.2, 240.5, 241.9, 242.4, 242.1, 241.0, 239.1, 236.5, 233.2, 229.3, 224.9, 220.1, 214.9, 209.5, 203.8, 198.0, 192.0, 186.0, 180.1, 174.1, 168.2, 162.4, 156.6, 151.0, 145.5, 140.2, 135.0, 130.0, 125.2, 120.6, 116.1, 111.8, 107.7, 103.7, 100.0, 96.4, 93.0, 89.7, 86.7, 83.8, 81.2, 78.8, 76.6, 74.5, 72.7, 71.0, 69.4, 68.0, 66.7, 65.4, 64.2, 63.0, 61.7, 60.5, 59.3, 58.0, 56.7, 55.5, 54.3, 53.1, 52.0, 51.0, 50.1, 49.4, 48.7, 48.1, 47.6, 47.3, 47.0, 46.9, 46.9, 46.9, 47.1, 47.4, 47.8, 48.3, 48.8, 49.5, 50.2, 51.1, 52.0, 53.0, 54.1, 55.2, 56.5, 57.9, 59.4, 61.1, 62.8, 64.7, 66.7, 68.8, 71.0, 73.3, 75.6, 78.0, 80.5, 83.1, 85.9, 88.7, 91.7, 94.8, 97.9, 101.1, 104.3, 106.9, 107.2, 106.1, 105.0, 104.3, 104.1, 104.9, 108.1, 112.9, 117.9, 122.3, 125.7, 128.1, 129.7, 130.7, 131.4, 132.2, 133.2, 134.6, 136.5, 139.0, 142.1, 145.8, 150.1, 154.6, 159.2, 163.6, 167.7, 171.3, 174.3, 176.7, 178.3, 179.3, 179.6, 179.2, 178.2, 176.7, 174.6, 172.1, 169.2, 165.9, 162.4, 158.6, 154.6, 150.6, 146.4, 142.3, 138.1, 133.9, 129.7, 125.6, 121.5, 117.5, 113.6, 110.1, 107.5, 105.7, 104.6, 103.8, 103.0, 102.3, 101.5, 100.6, 99.5, 98.4, 97.2, 95.8, 94.5, 93.1, 91.7, 90.3, 89.0, 87.7, 86.4, 85.2, 84.1, 83.1, 82.1, 81.3, 80.6, 80.0, 79.5, 79.1, 78.8, 78.6, 78.5, 78.5, 78.6, 78.7, 79.0, 79.4, 79.9, 80.8, 82.1, 84.1, 86.8, 90.2, 94.5, 99.7, 105.8, 112.6, 120.4, 128.8, 137.7, 146.8, 156.1, 165.1, 173.9, 182.3, 190.2, 197.4, 204.0, 209.8, 214.9, 219.2, 222.6, 225.1, 226.8, 227.7, 227.8, 227.4, 226.9, 226.4, 225.8, 224.8, 223.2, 221.1, 218.5, 215.3, 211.6, 207.5, 203.1, 198.3, 193.4, 188.3, 182.6, 174.4, 164.8, 154.6, 144.8, 137.7, 132.3, 128.0, 124.1, 120.4, 116.8, 113.2, 109.6, 106.1, 102.7, 99.3, 96.0, 92.9, 89.9, 87.0, 84.3, 81.8, 79.5, 77.4, 75.5, 73.7, 72.1, 70.8, 70.0, 69.9, 70.6, 72.3, 74.9, 78.7, 83.6, 89.3, 95.7, 102.4, 109.4, 116.5, 123.6, 130.5, 137.1, 143.5, 149.4, 155.0, 160.0, 164.5, 168.4, 171.7, 174.5, 176.6, 178.1, 179.0, 179.2, 178.9, 178.0, 176.6, 174.7, 172.3, 169.6, 166.6, 163.2, 159.6, 155.9, 152.0, 147.9, 143.8, 139.6, 135.4, 131.3, 127.1, 123.0, 119.0, 115.0, 111.1, 107.3, 103.5, 99.9, 96.4, 93.0, 89.8, 86.6, 83.7, 80.9, 78.4, 76.0, 73.7, 71.6, 69.7, 67.8, 65.9, 64.1, 62.2, 60.2, 58.1, 56.0, 53.9, 51.8, 49.7, 47.7, 45.8, 44.1, 42.5, 41.0, 39.6, 38.4, 37.3, 36.3, 35.5, 34.8, 34.3, 33.8, 33.5, 33.3, 33.2, 33.3, 33.4, 33.6, 33.9, 34.3, 34.9, 35.5, 36.1, 36.9, 37.8, 38.7, 39.7, 40.8, 41.9, 43.1, 44.4, 45.7, 47.2, 48.6, 50.2, 51.7, 53.4, 55.1, 56.9, 58.9, 60.9, 63.0, 65.3, 67.6, 70.0, 72.4, 75.0, 77.6, 80.3, 83.1, 86.1, 89.2, 91.9, 92.5, 92.3, 92.5, 93.5, 95.5, 98.8, 104.6, 111.8, 119.3, 126.3, 132.4, 137.9, 143.0, 147.9, 153.0, 158.2, 163.6, 169.2, 175.0, 180.9, 186.7, 192.1, 197.0, 201.2, 204.6, 207.1, 208.8, 209.5, 209.3, 208.2, 206.4, 204.0, 200.9, 197.5, 194.3, 191.3, 188.5, 185.6, 182.6, 179.4, 176.0, 172.3, 168.5, 164.5, 160.3, 156.0, 151.7, 147.3, 143.0, 138.6, 134.3, 130.1, 125.9, 121.8, 117.7, 113.8, 109.9, 106.2, 102.6, 99.2, 96.0, 92.8, 89.9, 87.1, 84.5, 82.0, 79.8, 77.8, 75.9, 74.2, 72.7, 71.3, 70.1, 68.9, 67.9, 67.0, 66.2, 65.5, 64.8, 64.2, 63.7, 63.2, 62.8, 62.5, 62.2, 62.1, 62.5, 63.5, 65.3, 68.1, 71.9, 76.7, 82.8, 90.2, 98.7, 108.0, 118.0, 128.3, 138.8, 149.2, 159.4, 169.3, 178.7, 187.5, 195.6, 203.1, 209.7, 215.6, 220.6, 224.7, 228.0, 230.3, 231.9, 232.5, 232.3, 231.3, 229.6, 227.2, 224.1, 220.5, 216.4, 211.9, 207.3, 202.7, 198.5, 194.5, 190.7, 186.9, 183.0, 178.7, 172.3, 164.1, 155.1, 146.2, 139.1, 133.9, 129.8, 126.3, 122.9, 119.5, 116.1, 112.7, 109.2, 105.8, 102.5, 99.2, 96.0, 93.1, 90.7, 89.0, 88.2, 88.5, 89.8, 92.3, 95.9, 100.5, 105.9, 111.8, 118.1, 124.4, 130.6, 136.8, 142.6, 148.1, 153.2, 157.9, 162.0, 165.5, 168.6, 171.0, 172.9, 174.2, 174.9, 175.0, 174.7, 173.8, 172.4, 170.5, 168.3, 165.7, 162.8, 159.7, 156.3, 152.8, 149.2, 145.5, 141.8, 138.0, 134.2, 130.5, 126.7, 123.0, 119.4, 115.7, 112.2, 108.7, 105.3, 101.9, 98.6, 95.4, 92.4, 89.4, 86.6, 84.0, 81.5, 79.2, 77.0, 75.0, 73.2, 71.5, 69.9, 68.4, 67.0, 65.7, 64.4, 63.1, 61.8, 60.4, 59.0, 57.6, 56.1, 54.7, 53.3, 51.9, 50.6, 49.4, 48.3, 47.3, 46.5, 45.7, 45.0, 44.5, 44.1, 43.7, 43.5, 43.4, 43.4, 43.5, 43.8, 44.1, 44.5, 45.0, 45.5, 46.2, 47.0, 47.8, 48.7, 49.7, 50.8, 51.9, 53.1, 54.4, 55.8, 57.3, 58.9, 60.7, 62.5, 64.5, 66.6, 68.7, 71.0, 73.3, 75.7, 78.1, 80.7, 83.4, 86.2, 89.2, 92.3, 95.4, 98.7, 102.0, 105.4, 108.7, 112.1, 115.3, 118.4, 121.4, 124.2, 126.7, 128.9, 130.8, 132.4, 133.6, 134.4, 134.8, 134.9, 133.9, 129.3, 122.2, 114.4, 106.9, 100.3, 95.5, 94.9, 97.6, 102.1, 107.5, 113.1, 119.0, 125.0, 131.1, 137.1, 142.8, 148.1, 152.7, 156.6, 159.8, 162.1, 163.6, 164.4, 164.5, 164.0, 162.9, 161.2, 159.0, 156.5, 153.6, 150.4, 146.9, 143.3, 139.5, 135.6, 131.9, 128.6, 125.8, 123.5, 121.5, 119.6, 117.6, 115.6, 113.5, 111.3, 108.9, 106.6, 104.1, 101.6, 99.2, 96.7, 94.3, 91.9, 89.6, 87.3, 85.1, 83.1, 81.2, 79.5, 77.9, 76.4, 75.0, 73.8, 72.7, 71.8, 70.9, 70.2, 69.6, 69.1, 68.7, 68.3, 68.1, 68.0, 68.0, 68.1, 68.2, 68.5, 68.8, 69.3, 69.8, 70.4, 71.1, 71.9, 72.7, 73.6, 74.7, 76.1, 77.8, 80.1, 83.1, 86.8, 91.3, 96.7, 102.8, 109.8, 117.5, 125.9, 134.7, 143.9, 153.0, 162.0, 170.7, 179.0, 186.8, 193.9, 200.4, 206.1, 211.1, 215.2, 218.5, 220.9, 222.5, 223.3, 223.2, 222.3, 220.7, 218.4, 215.4, 212.0, 208.3, 204.7, 201.3, 198.0, 194.7, 191.2, 187.5, 183.6, 179.5, 175.2, 170.8, 165.8, 158.2, 149.2, 139.6, 130.5, 123.9, 119.2, 115.4, 112.1, 109.0, 106.0, 102.9, 99.9, 96.9, 93.9, 91.1, 88.3, 85.7, 83.2, 80.9, 78.8, 77.0, 75.7, 75.1, 75.3, 76.5, 78.6, 81.8, 86.1, 91.1, 96.7, 102.7, 108.9, 115.2, 121.4, 127.4, 133.2, 138.6, 143.6, 148.2, 152.3, 155.8, 158.8, 161.1, 162.9, 164.1, 164.7, 164.7, 164.2, 163.2, 161.8, 159.9, 157.7, 155.1, 152.3, 149.3, 146.1, 142.7, 139.2, 135.7, 132.1, 128.4, 124.8, 121.2, 117.6, 114.1, 110.6, 107.3, 104.0, 100.8, 97.7, 94.7, 91.8, 89.0, 86.3, 83.8, 81.5, 79.4, 77.3, 75.5, 73.8, 72.2, 70.8, 69.5, 68.3, 67.1, 66.1, 65.1, 64.2, 63.2, 62.3, 61.4, 60.5, 59.6, 58.7, 57.8, 56.9, 56.1, 55.2, 54.5, 53.8, 53.2, 52.7, 52.2, 51.9, 51.6, 51.4, 51.4, 51.4, 51.5, 51.8, 52.1, 52.5, 53.0, 53.6, 54.3, 55.1, 56.0, 57.1, 58.2, 59.4, 60.8, 62.4, 64.0, 65.8, 67.7, 69.7, 71.8, 73.9, 76.1, 78.4, 80.8, 83.4, 86.0, 88.8, 91.7, 94.7, 97.8, 101.0, 104.2, 107.4, 110.6, 113.7, 116.6, 119.4, 121.9, 124.2, 126.2, 127.8, 129.1, 130.0, 130.5, 130.7, 130.6, 130.2, 129.5, 128.6, 126.6, 120.9, 112.8, 104.0, 96.0, 89.4, 85.3, 85.9, 90.3, 97.0, 105.2, 114.2, 123.8, 133.7, 143.8, 153.8, 163.3, 172.1, 180.2, 187.2, 193.3, 198.3, 202.3, 205.2, 207.1, 208.0, 208.0, 207.1, 205.5, 203.2, 200.2, 196.8, 192.9, 188.8, 184.4, 179.8, 175.1, 170.4, 165.6, 160.8, 156.1, 151.3, 146.6, 142.0, 137.4, 133.0, 128.6, 124.3, 120.4, 117.1, 114.3, 111.9, 109.8, 107.7, 105.6, 103.6, 101.6, 99.5, 97.5, 95.5, 93.5, 91.5, 89.6, 87.7, 85.9, 84.2, 82.6, 81.1, 79.7, 78.5, 77.4, 76.4, 75.5, 74.8, 74.1, 73.6, 73.2, 72.9, 72.7, 72.6, 72.6, 72.7, 72.8, 73.1, 73.5, 73.9, 74.6, 75.6, 77.2, 79.5, 82.8, 87.0, 92.3, 98.7, 106.2, 114.9, 124.5, 134.8, 145.6, 156.5, 167.5, 178.2, 188.5, 198.4, 207.7, 216.2, 224.1, 231.1, 237.2, 242.5, 246.8, 250.3, 252.8, 254.3, 255.0, 254.8, 253.7, 251.8, 249.2, 245.8, 241.9, 237.5, 232.9, 228.8, 225.2, 222.0, 218.7, 214.8, 208.1, 199.6, 190.4, 181.4, 174.8, 169.9, 165.7, 161.8, 157.9, 153.9, 149.8, 145.7, 141.5, 137.3, 133.1, 129.0, 125.1, 121.2, 117.5, 114.0, 110.6, 107.3, 104.4, 101.9, 100.0, 98.8, 98.5, 99.1, 100.7, 103.2, 106.6, 111.0, 116.1, 121.8, 127.8, 133.9, 139.9, 145.9, 151.5, 156.8, 161.6, 165.9, 169.7, 173.0, 175.6, 177.7, 179.1, 180.0, 180.3, 180.0, 179.2, 178.0, 176.2, 174.0, 171.5, 168.6, 165.5, 162.1, 158.6, 154.9, 151.2, 147.4, 143.6, 139.7, 135.9, 132.1, 128.3, 124.5, 120.8, 117.2, 113.6, 110.1, 106.7, 103.3, 100.1, 96.9, 93.9, 91.0, 88.2, 85.6, 83.2, 80.9, 78.7, 76.8, 75.0, 73.3, 71.8, 70.4, 69.1, 67.9, 66.8, 65.8, 64.8, 63.9, 62.9, 62.0, 61.1, 60.3, 59.3, 58.4, 57.6, 56.7, 55.9, 55.1, 54.3, 53.7, 53.1, 52.6, 52.2, 51.9, 51.7, 51.5, 51.5, 51.6, 51.7, 52.0, 52.3, 52.8, 53.3, 54.0, 54.7, 55.5, 56.5, 57.5, 58.7, 60.0, 61.4, 63.0, 64.7, 66.5, 68.4, 70.4, 72.5, 74.7, 76.9, 79.2, 81.7, 84.3, 87.0, 89.8, 92.7, 95.7, 98.8, 101.9, 105.1, 108.2, 111.2, 114.1, 116.8, 119.3, 121.5, 123.5, 125.1, 126.4, 127.3, 128.0, 128.3, 128.2, 127.9, 127.4, 125.8, 120.6, 112.9, 104.5, 96.4, 89.1, 83.3, 81.0, 81.1, 82.2, 83.3, 84.0, 84.4, 84.6, 85.4, 87.1, 90.1, 94.7, 101.0, 108.9, 118.0, 128.0, 138.5, 149.1, 159.7, 169.9, 179.7, 188.8, 197.2, 204.8, 211.6, 217.4, 222.4, 226.8, 231.1, 235.4, 239.3, 242.7, 245.2, 246.8, 247.5, 247.2, 245.9, 243.8, 241.0, 237.5, 233.5, 229.0, 224.2, 219.0, 213.7, 208.2, 202.6, 197.0, 191.4, 185.8, 180.3, 175.0, 169.7, 164.6, 159.6, 154.7, 150.0, 145.5, 141.2, 137.0, 133.0, 129.1, 125.4, 122.0, 118.6, 115.5, 112.5, 109.7, 107.0, 104.5, 102.1, 99.9, 97.9, 95.9, 94.2, 92.5, 91.1, 90.2, 89.9, 90.3, 91.5, 93.6, 96.8, 100.9, 105.9, 111.8, 118.4, 125.3, 132.5, 139.7, 146.8, 153.6, 160.2, 166.3, 171.9, 176.9, 181.4, 185.3, 188.6, 191.2, 193.2, 195.3, 197.7, 200.3, 202.6, 204.4, 205.5, 206.0, 205.7, 204.7, 203.0, 200.8, 198.0, 194.3, 187.8, 179.6, 170.7, 162.2, 156.1, 151.6, 147.7, 144.1, 140.5, 136.9, 133.2, 129.5, 125.7, 122.0, 118.3, 114.8, 111.3, 107.9, 104.6, 101.5, 98.5, 95.6, 92.9, 90.3, 87.8, 85.5, 83.3, 81.3, 79.5, 77.8, 76.3, 75.0, 73.7, 72.7, 71.7, 70.9, 70.2, 69.6, 69.1, 68.8, 68.9, 69.6, 70.8, 72.8, 75.5, 79.2, 83.8, 89.2, 95.4, 102.0, 109.0, 116.1, 123.3, 130.4, 137.3, 144.0, 150.3, 156.2, 161.7, 166.6, 171.0, 174.8, 178.0, 180.5, 182.5, 183.7, 184.4, 184.4, 183.8, 182.6, 180.9, 178.8, 176.2, 173.2, 170.0, 166.5, 162.7, 158.8, 154.8, 150.6, 146.4, 142.2, 137.9, 133.7, 129.5, 125.4, 121.4, 117.4, 113.6, 109.9, 106.2, 102.7, 99.4, 96.1, 93.0, 90.0, 87.1, 84.5, 82.0, 79.7, 77.5, 75.6, 73.8, 72.1, 70.6, 69.2, 67.9, 66.8, 65.6, 64.6, 63.5, 62.5, 61.5, 60.4, 59.4, 58.3, 57.3, 56.2, 55.2, 54.2, 53.3, 52.5, 51.8, 51.1, 50.6, 50.1, 49.8, 49.5, 49.4, 49.4, 49.4, 49.6, 49.9, 50.2, 50.7, 51.2, 51.8, 52.6, 53.4, 54.3, 55.3, 56.4, 57.6, 58.9, 60.4, 62.0, 63.7, 65.6, 67.6, 69.6, 71.8, 74.0, 76.2, 78.6, 81.1, 83.7, 86.4, 89.3, 92.3, 95.3, 98.5, 101.7, 104.9, 108.1, 111.2, 114.3, 117.2, 119.9, 121.8, 120.9, 118.1, 114.7, 111.4, 108.5, 106.4, 107.0, 109.6, 112.7, 115.4, 117.3, 118.4, 118.9, 118.9, 118.6, 118.1, 117.8, 117.9, 118.7, 120.4, 123.1, 127.0, 132.1, 138.3, 145.6, 153.5, 161.8, 170.0, 178.1, 185.7, 192.8, 199.1, 204.7, 209.5, 213.4, 216.5, 218.7, 220.0, 220.5, 220.2, 219.1, 217.3, 214.9, 212.2, 209.7, 207.6, 205.5, 203.4, 200.9, 198.2, 195.1, 191.7, 188.1, 184.3, 180.2, 176.0, 171.8, 167.4, 163.0, 158.7, 154.3, 150.0, 145.7, 141.5, 137.4, 133.4, 129.6, 125.9, 122.3, 118.9, 115.7, 112.5, 109.6, 106.7, 104.1, 101.7, 99.7, 98.3, 97.6, 97.7, 98.7, 100.6, 103.3, 106.9, 111.1, 115.6, 120.5, 125.3, 130.2, 134.9, 139.4, 143.6, 147.4, 150.8, 153.7, 156.2, 158.1, 159.6, 160.5, 160.8, 160.7, 160.1, 159.1, 157.6, 155.8, 153.6, 151.2, 148.5, 145.6, 142.6, 139.4, 136.1, 132.8, 129.4, 126.3, 123.6, 121.4, 119.6, 117.9, 116.3, 114.7, 113.0, 111.2, 109.4, 107.5, 105.6, 103.2, 98.6, 93.0, 87.2, 82.0, 79.1, 77.6, 76.8, 76.2, 75.6, 75.1, 74.5, 73.9, 73.3, 72.8, 72.2, 71.8, 71.4, 71.0, 70.8, 70.6, 70.5, 70.5, 70.6, 70.8, 71.1, 71.4, 71.8, 72.3, 72.9, 73.6, 74.3, 75.1, 75.9, 76.9, 77.9, 79.2, 81.1, 84.2, 88.5, 94.5, 102.2, 111.6, 122.4, 134.1, 146.5, 159.2, 172.0, 184.6, 196.8, 208.5, 219.5, 229.8, 239.1, 247.6, 255.0, 261.4, 266.7, 270.9, 274.1, 276.2, 277.3, 277.3, 276.4, 274.5, 271.8, 268.2, 264.0, 259.2, 253.9, 248.1, 241.9, 235.5, 228.9, 222.2, 215.4, 208.6, 201.8, 195.1, 188.5, 182.1, 175.9, 169.8, 163.9, 158.2, 152.6, 147.2, 142.0, 137.0, 132.1, 127.4, 122.8, 118.4, 114.2, 110.1, 106.3, 102.5, 99.0, 95.6, 92.4, 89.4, 86.5, 83.8, 81.3, 79.1, 77.0, 75.1, 73.3, 71.7, 70.3, 68.9, 67.7, 66.6, 65.6, 64.6, 63.6, 62.7, 61.8, 60.9, 60.0, 59.1, 58.3, 57.4, 56.6, 55.8, 55.1, 54.4, 53.8, 53.3, 52.9, 52.6, 52.3, 52.2, 52.1, 52.2, 52.4, 52.6, 53.0, 53.4, 53.9, 54.6, 55.3, 56.1, 57.1, 58.2, 59.4, 60.7, 62.2, 63.8, 65.5, 67.4, 69.3, 71.3, 73.5, 75.6, 77.9, 80.2, 82.7, 85.4, 88.1, 91.0, 93.4, 93.7, 93.0, 92.7, 93.1, 94.5, 97.1, 102.2, 108.9, 115.8, 122.1, 127.5, 131.9, 135.4, 138.1, 140.2, 141.7, 142.9, 144.1, 145.6, 147.4, 149.7, 152.7, 156.3, 160.7, 165.6, 171.1, 177.1, 183.2, 189.2, 194.8, 199.9, 204.2, 207.8, 210.6, 212.5, 213.5, 213.6, 212.9, 211.5, 209.3, 206.9, 204.4, 202.0, 199.7, 197.2, 194.6, 191.6, 188.4, 185.0, 181.3, 177.4, 173.4, 169.3, 165.0, 160.8, 156.5, 152.2, 148.0, 143.8, 139.6, 135.5, 131.5, 127.6, 123.8, 120.0, 116.4, 113.0, 109.7, 106.5, 103.5, 100.7, 98.0, 95.4, 93.0, 90.8, 88.6, 86.7, 84.9, 83.5, 82.6, 82.2, 82.5, 83.4, 85.1, 87.5, 90.6, 94.5, 99.0, 104.0, 109.3, 114.7, 120.1, 125.5, 130.7, 135.6, 140.2, 144.4, 148.3, 151.6, 154.4, 156.8, 158.5, 159.8, 160.4, 160.6, 160.5, 160.6, 160.8, 161.0, 161.0, 160.7, 159.9, 158.8, 157.3, 155.4, 153.1, 150.6, 147.9, 145.0, 141.9, 138.8, 135.5, 132.3, 129.0, 125.8, 122.5, 119.4, 116.3, 113.3, 110.3, 107.5, 104.8, 102.1, 99.6, 97.2, 94.4, 89.7, 84.2, 78.7, 73.8, 71.0, 69.6, 68.9, 68.4, 68.1, 67.8, 67.5, 67.2, 66.8, 66.5, 66.3, 66.1, 66.0, 65.9, 65.9, 66.0, 66.2, 66.4, 66.8, 67.2, 67.8, 68.4, 69.1, 70.1, 71.4, 73.3, 75.8, 79.3, 83.7, 89.2, 95.8, 103.6, 112.5, 122.3, 132.9, 144.0, 155.3, 166.5, 177.5, 188.1, 198.3, 207.8, 216.6, 224.6, 231.7, 238.0, 243.4, 247.8, 251.2, 253.7, 255.2, 255.8, 255.5, 254.3, 252.3, 249.5, 246.0, 241.9, 237.3, 232.1, 226.7, 220.9, 214.8, 208.6, 202.3, 196.0, 189.6, 183.3, 177.1, 170.9, 165.0, 159.1, 153.5, 148.0, 142.6, 137.5, 132.5, 127.6, 122.9, 118.4, 114.0, 109.9, 105.9, 102.1, 98.4, 95.0, 91.7, 88.6, 85.7, 83.0, 80.5, 78.2, 76.1, 74.2, 72.4, 70.9, 69.4, 68.1, 66.8, 65.7, 64.6, 63.5, 62.5, 61.5, 60.4, 59.4, 58.4, 57.3, 56.3, 55.4, 54.4, 53.6, 52.8, 52.1, 51.5, 51.0, 50.6, 50.3, 50.1, 50.1, 50.1, 50.2, 50.4, 50.7, 51.1, 51.6, 52.2, 52.9, 53.7, 54.6, 55.5, 56.6, 57.8, 59.1, 60.6, 62.2, 63.9, 65.7, 67.7, 69.7, 71.8, 74.0, 76.3, 78.7, 81.2, 84.3, 87.9, 91.8, 94.3, 96.8, 100.6, 106.2, 113.9, 124.0, 137.6, 153.7, 170.7, 187.5, 203.5, 218.6, 232.5, 245.4, 257.0, 267.4, 276.5, 284.1, 290.4, 295.3, 298.8, 301.0, 301.9, 301.6, 300.1, 297.6, 294.2, 289.9, 284.8, 279.1, 272.9, 266.3, 259.3, 252.0, 244.6, 237.1, 229.6, 222.1, 214.7, 207.3, 200.1, 193.1, 186.3, 179.6, 173.2, 167.0, 161.0, 155.2, 149.7, 144.8, 140.9, 138.1, 136.0, 134.3, 132.8, 131.4, 129.9, 128.4, 126.8, 125.2, 123.5, 121.8, 120.1, 118.3, 116.6, 114.9

Insulin Readings (mU/minute, every 5 minutes): 5041 readings
  Values: 1.9E-05, 3.8E-05, 1.5E-08, 9.5E-08, 7.7E-09, 1.3E-07, 1.1E-06, 8.8E-08, 2.1E-05, 1.2E+02, 1.2E+02, 4.9E+00, 2.3E+01, 9.8E+00, 9.9E+00, 2.9E+01, 9.8E+00, 9.5E+00, 4.5E+00, 8.5E+00, 1.1E+01, 1.3E+01, 1.3E+01, 1.8E+01, 1.3E+01, 1.6E+01, 1.5E+01, 1.6E+01, 1.7E+01, 1.4E+01, 1.6E+01, 1.8E+01, 1.5E+01, 1.7E+01, 1.9E+01, 1.5E+01, 1.8E+01, 1.5E+01, 1.8E+01, 1.7E+01, 1.7E+01, 2.3E+01, 9.8E+00, 1.7E+01, 1.8E+01, 1.7E+01, 2.0E+01, 1.2E+01, 2.3E+01, 1.0E+01, 2.2E+01, 1.2E+01, 2.0E+01, 1.5E+01, 1.8E+01, 1.7E+01, 1.6E+01, 1.8E+01, 1.9E+01, 1.0E+01, 2.3E+01, 1.0E+01, 1.9E+01, 1.8E+01, 1.5E+01, 1.8E+01, 1.6E+01, 1.8E+01, 1.5E+01, 1.7E+01, 1.7E+01, 1.6E+01, 1.9E+01, 1.3E+01, 1.8E+01, 1.7E+01, 1.7E+01, 1.6E+01, 1.2E+02, 7.0E+01, 1.5E+01, 9.8E+00, 9.0E+00, 2.0E-06, 2.6E-08, 1.5E-07, 2.2E-07, 1.8E-07, 2.1E-07, 1.3E-07, 9.8E+00, 1.2E+02, 1.2E+02, 1.2E+02, 1.2E+02, 1.2E+02, 1.0E+02, 1.0E+02, 1.0E+02, 1.0E+02, 1.0E+02, 1.0E+02, 1.0E+02, 1.0E+02, 1.0E+02, 1.0E+02, 1.0E+02, 1.0E+02, 1.0E+02, 1.0E+02, 1.0E+02, 1.0E+02, 1.0E+02, 1.0E+02, 5.6E+01, 9.8E+00, 4.5E-07, 2.7E-07, 2.1E-07, 1.9E-07, 1.8E-07, 1.7E-07, 1.7E-07, 1.8E-07, 2.0E-07, 2.3E-07, 1.5E-07, 1.6E-07, 1.7E-07, 1.9E-07, 2.1E-07, 2.4E-07, 2.5E-07, 3.7E-07, 3.4E-07, 3.1E-07, 9.8E+00, 9.8E+00, 9.8E+00, 3.5E-07, 4.4E-07, 3.8E-07, 3.8E-07, 1.7E-07, 1.6E-07, 1.7E-07, 1.8E-07, 2.0E-07, 2.2E-07, 2.3E-07, 2.7E-07, 2.2E-07, 1.2E-07, 1.1E-07, 9.8E+00, 9.8E+00, 9.8E+00, 4.0E-09, 3.3E-09, 1.4E-07, 1.4E-07, 1.5E-07, 9.9E-09, 1.7E-08, 4.9E-09, 6.0E-09, 7.6E-09, 9.8E-09, 8.0E-06, 1.0E+02, 1.0E+02, 1.0E+02, 1.0E+02, 1.0E+02, 1.0E+02, 1.0E+02, 1.0E+02, 1.0E+02, 1.0E+02, 1.0E+02, 1.0E+02, 1.0E+02, 1.0E+02, 1.2E+02, 1.2E+02, 1.2E+02, 1.2E+02, 1.2E+02, 1.2E+02, 1.2E+02, 1.2E+02, 1.2E+02, 1.2E+02, 5.6E-07, 1.7E-06, 1.3E-07, 1.4E-07, 1.4E-07, 1.4E-07, 1.5E-07, 1.6E-07, 1.7E-07, 1.8E-07, 1.5E-07, 2.5E-06, 1.8E-07, 9.8E+00, 9.8E+00, 9.8E+00, 9.8E+00, 1.2E-06, 1.2E-06, 1.6E-07, 9.9E-07, 1.8E-07, 1.8E-07, 1.9E-07, 1.9E-07, 1.9E-07, 1.9E-07, 1.9E-07, 1.6E-07, 1.5E-07, 1.2E-07, 1.7E-07, 1.4E-07, 1.7E-06, 7.7E-07, 3.5E-07, 3.7E-07, 3.6E-07, 3.3E-07, 3.2E-07, 2.8E-07, 2.1E-07, 2.1E-07, 2.9E-07, 7.7E-07, 9.8E+00, 1.3E-07, 7.8E-07, 7.2E-06, 9.9E+01, 1.0E+02, 1.0E+02, 1.0E+02, 1.0E+02, 1.0E+02, 1.0E+02, 1.0E+02, 1.0E+02, 1.0E+02, 1.0E+02, 1.0E+02, 1.0E+02, 1.0E+02, 1.0E+02, 1.0E+02, 1.0E+02, 1.0E+02, 1.0E+02, 1.0E+02, 2.8E+01, 9.8E+00, 2.4E-06, 1.8E-07, 1.4E-07, 1.2E-07, 1.1E-07, 1.1E-07, 1.0E-07, 9.6E-08, 9.1E-08, 8.7E-08, 8.3E-08, 7.9E-08, 8.1E-08, 9.9E-08, 1.4E-07, 1.9E-07, 2.2E-07, 2.4E-07, 2.5E-07, 2.5E-07, 2.5E-07, 2.5E-07, 2.6E-07, 2.7E-07, 2.8E-07, 2.8E-07, 2.9E-07, 2.9E-07, 3.0E-07, 3.0E-07, 3.1E-07, 3.0E-07, 3.1E-07, 3.2E-07, 2.8E-07, 2.5E-07, 2.8E-07, 2.1E-07, 1.8E-07, 1.9E-07, 2.0E-07, 2.1E-07, 2.2E-07, 2.8E-07, 2.4E-07, 2.5E-07, 2.6E-07, 2.7E-07, 3.1E-07, 3.5E-07, 3.6E-07, 4.2E-07, 4.5E-07, 4.4E-07, 4.7E-07, 1.4E-07, 1.4E-07, 1.5E-07, 1.5E-07, 1.6E-07, 2.6E-07, 1.6E-07, 1.5E-07, 1.6E-07, 2.1E-07, 1.9E-07, 1.6E-07, 3.2E-07, 1.7E-06, 1.5E-06, 1.2E+02, 1.2E+02, 1.2E+02, 1.2E+02, 1.2E+02, 1.2E+02, 1.2E+02, 1.2E+02, 5.2E-07, 3.1E-07, 3.1E-07, 4.3E-07, 3.6E-07, 3.2E-07, 2.9E-07, 2.4E-07, 2.0E-07, 2.0E-07, 2.4E-07, 2.6E-07, 1.8E-07, 4.4E-07, 4.6E-07, 5.4E-07, 1.1E-07, 8.8E-09, 7.0E-08, 2.1E-07, 2.9E-07, 7.6E-07, 9.8E+00, 9.8E+00, 1.0E+02, 6.8E+01, 9.8E+00, 9.8E+00, 9.8E+00, 9.8E+00, 9.8E+00, 9.8E+00, 9.8E+00, 1.3E-08, 2.1E-08, 4.6E-09, 6.5E-09, 8.5E-09, 1.2E-08, 1.2E-06, 1.0E+02, 1.0E+02, 1.0E+02, 1.0E+02, 1.0E+02, 1.0E+02, 1.0E+02, 1.0E+02, 1.0E+02, 1.0E+02, 1.0E+02, 1.0E+02, 1.0E+02, 1.0E+02, 1.0E+02, 1.0E+02, 1.0E+02, 1.0E+02, 1.2E+02, 1.2E+02, 1.2E+02, 1.2E+02, 1.2E+02, 8.7E+01, 1.9E-07, 9.3E-08, 6.8E-08, 6.7E-08, 6.3E-08, 6.5E-08, 6.8E-08, 7.0E-08, 7.2E-08, 7.4E-08, 7.7E-08, 8.1E-08, 8.5E-08, 9.0E-08, 9.4E-08, 9.9E-08, 1.0E-07, 1.2E-07, 1.3E-07, 1.4E-07, 1.5E-07, 1.6E-07, 1.6E-07, 1.5E-07, 1.5E-07, 1.6E-07, 1.7E-07, 1.7E-07, 1.7E-07, 1.7E-07, 1.8E-07, 1.8E-07, 1.9E-07, 1.9E-07, 2.0E-07, 2.0E-07, 2.0E-07, 2.1E-07, 2.2E-07, 2.2E-07, 2.3E-07, 1.3E-07, 3.2E-07, 5.2E-07, 1.2E+02, 1.2E+02, 1.2E+02, 1.2E+02, 1.2E+02, 1.2E+02, 1.2E+02, 1.2E+02, 1.2E+02, 1.2E+02, 1.2E+02, 1.2E+02, 1.2E+02, 1.2E+02, 1.2E+02, 1.2E+02, 1.2E+02, 1.2E+02, 1.2E+02, 9.8E+00, 9.8E+00, 9.8E+00, 9.8E+00, 3.6E-07, 1.9E-07, 1.4E-07, 1.2E-07, 1.1E-07, 1.1E-07, 1.2E-07, 3.7E-08, 3.2E-08, 3.3E-08, 3.5E-08, 3.8E-08, 3.9E-08, 4.1E-08, 4.1E-08, 4.2E-08, 4.2E-08, 4.3E-08, 4.4E-08, 4.5E-08, 4.7E-08, 4.9E-08, 5.0E-08, 5.3E-08, 5.7E-08, 6.0E-08, 6.3E-08, 6.6E-08, 6.8E-08, 7.0E-08, 7.3E-08, 7.5E-08, 7.7E-08, 7.8E-08, 8.2E-08, 1.0E-07, 1.0E-07, 1.0E-07, 1.1E-07, 1.1E-07, 1.1E-07, 1.1E-07, 1.2E-07, 1.2E-07, 1.3E-07, 1.3E-07, 1.4E-07, 1.4E-07, 1.3E-07, 1.4E-07, 1.5E-07, 1.6E-07, 4.0E-07, 2.2E-07, 7.8E-07, 1.0E+02, 1.0E+02, 1.0E+02, 1.0E+02, 1.2E+02, 1.2E+02, 1.2E+02, 1.2E+02, 1.2E+02, 1.2E+02, 1.2E+02, 1.2E+02, 1.2E+02, 1.2E+02, 1.2E+02, 1.2E+02, 1.2E+02, 1.2E+02, 1.2E+02, 1.2E+02, 1.2E+02, 1.2E+02, 1.2E+02, 2.3E+01, 3.6E-07, 6.5E-07, 2.4E-06, 1.4E-07, 1.4E-07, 1.4E-07, 1.5E-07, 1.7E-07, 1.9E-07, 2.1E-07, 2.4E-07, 2.7E-07, 2.9E-07, 3.0E-07, 2.9E-07, 2.8E-07, 2.6E-07, 2.4E-07, 2.2E-07, 2.1E-07, 2.0E-07, 1.9E-07, 1.9E-07, 4.5E-08, 4.7E-08, 4.8E-08, 4.9E-08, 5.1E-08, 5.2E-08, 5.4E-08, 5.6E-08, 5.8E-08, 6.0E-08, 6.2E-08, 6.4E-08, 6.6E-08, 8.8E-08, 9.1E-08, 9.3E-08, 9.5E-08, 9.8E-08, 1.0E-07, 1.0E-07, 1.0E-07, 1.0E-07, 1.0E-07, 1.1E-07, 1.1E-07, 1.1E-07, 1.3E-07, 1.3E-07, 1.3E-07, 1.0E-07, 1.0E-07, 1.1E-07, 1.1E-07, 1.1E-07, 1.1E-07, 1.2E-07, 1.2E-07, 1.2E-07, 1.2E-07, 1.3E-07, 1.3E-07, 1.3E-07, 1.4E-07, 1.7E-07, 1.9E-07, 2.2E-07, 2.4E-07, 2.5E-07, 2.4E-07, 2.5E-07, 2.8E-07, 3.2E-07, 3.7E-07, 4.3E-07, 6.8E-09, 1.0E-08, 1.3E-08, 2.1E-08, 6.5E-08, 2.5E-07, 1.2E-08, 2.0E-07, 3.1E-08, 4.5E-08, 1.0E-07, 7.5E-07, 3.0E-07, 7.9E-07, 2.2E-08, 3.7E-07, 2.8E-08, 2.4E-08, 2.7E-07, 1.6E+01, 1.2E+02, 1.2E+02, 1.2E+02, 1.2E+02, 1.2E+02, 1.2E+02, 1.2E+02, 1.2E+02, 1.2E+02, 1.2E+02, 1.2E+02, 1.2E+02, 1.2E+02, 9.8E+00, 9.8E+00, 9.8E+00, 9.8E+00, 9.8E+00, 8.8E-08, 7.6E-08, 1.0E+02, 1.0E+02, 1.0E+02, 1.0E+02, 1.0E+02, 1.0E+02, 1.0E+02, 1.0E+02, 1.0E+02, 1.0E+02, 1.0E+02, 1.0E+02, 1.0E+02, 1.0E+02, 1.0E+02, 1.0E+02, 6.5E+00, 1.4E-07, 6.5E-08, 4.7E-08, 3.8E-08, 9.8E+00, 4.6E-08, 4.4E-08, 4.3E-08, 4.3E-08, 4.3E-08, 4.3E-08, 4.5E-08, 4.9E-08, 5.0E-08, 5.9E-08, 6.9E-08, 7.9E-08, 8.8E-08, 9.6E-08, 9.3E-08, 9.9E-08, 1.1E-07, 1.2E-07, 1.2E-07, 1.3E-07, 1.4E-07, 1.5E-07, 1.5E-07, 1.6E-07, 1.7E-07, 1.7E-07, 1.8E-07, 1.8E-07, 2.0E-07, 1.9E-07, 1.9E-07, 1.2E-07, 1.1E-07, 2.5E-07, 1.2E+02, 1.2E+02, 1.2E+02, 1.2E+02, 1.2E+02, 1.2E+02, 1.2E+02, 1.2E+02, 1.2E+02, 1.2E+02, 1.2E+02, 1.2E+02, 1.2E+02, 1.2E+02, 1.2E+02, 1.2E+02, 1.2E+02, 1.2E+02, 1.2E+02, 9.7E-07, 2.8E-07, 9.8E+00, 9.8E+00, 9.8E+00, 9.8E+00, 9.8E+00, 9.8E+00, 9.8E+00, 9.8E+00, 9.8E+00, 9.8E+00, 9.8E+00, 9.8E+00, 9.8E+00, 9.8E+00, 9.8E+00, 3.3E-08, 3.5E-08, 3.6E-08, 3.7E-08, 3.9E-08, 4.0E-08, 4.2E-08, 4.3E-08, 4.4E-08, 4.5E-08, 4.6E-08, 4.7E-08, 4.8E-08, 5.0E-08, 5.1E-08, 5.3E-08, 7.5E-08, 7.8E-08, 8.0E-08, 8.2E-08, 8.4E-08, 8.5E-08, 8.6E-08, 8.8E-08, 8.9E-08, 9.0E-08, 9.2E-08, 9.4E-08, 9.5E-08, 9.6E-08, 9.6E-08, 9.7E-08, 9.7E-08, 9.8E-08, 1.0E-07, 1.0E-07, 1.6E-07, 9.3E-08, 9.4E-08, 9.5E-08, 9.7E-08, 9.8E-08, 1.3E-07, 2.0E-07, 1.4E-07, 6.4E-07, 5.1E-08, 1.4E-05, 1.0E+02, 1.0E+02, 1.0E+02, 1.0E+02, 1.0E+02, 1.0E+02, 1.0E+02, 1.0E+02, 1.0E+02, 1.0E+02, 1.0E+02, 1.0E+02, 1.0E+02, 1.0E+02, 1.0E+02, 1.0E+02, 1.0E+02, 1.0E+02, 1.0E+02, 1.0E+02, 1.2E+02, 1.2E+02, 1.2E+02, 3.1E+01, 1.1E-06, 3.3E-07, 3.4E-07, 1.3E-06, 2.7E-06, 2.9E-06, 3.8E-06, 3.9E-06, 5.5E-06, 4.4E-07, 5.9E-07, 7.1E-07, 8.0E-07, 8.7E-07, 8.8E-07, 8.4E-07, 7.6E-07, 6.6E-07, 5.0E-07, 3.7E-07, 2.1E-05, 1.3E-05, 6.7E-06, 5.5E-06, 5.0E-06, 5.4E-06, 3.9E-06, 2.3E-06, 3.8E-07, 2.6E-07, 2.0E-07, 2.0E-07, 1.9E-07, 2.6E-06, 3.7E-07, 4.1E-07, 3.6E-07, 3.3E-07, 2.6E-07, 1.9E-07, 1.9E-07, 2.0E-07, 2.1E-07, 2.5E-07, 2.6E-07, 2.4E-07, 2.8E-07, 2.4E-07, 2.5E-07, 2.5E-07, 2.6E-07, 2.6E-07, 2.6E-07, 2.7E-07, 2.8E-07, 2.9E-07, 3.0E-07, 3.1E-07, 3.2E-07, 3.5E-07, 3.7E-07, 3.9E-07, 4.2E-07, 4.4E-07, 4.5E-07, 4.9E-07, 5.4E-07, 6.0E-07, 7.1E-07, 2.3E-07, 2.4E-07, 2.6E-07, 2.7E-07, 2.8E-07, 3.5E-07, 7.2E-07, 2.9E-07, 4.2E-07, 3.2E-07, 2.4E-07, 2.0E-07, 2.0E-07, 4.9E-07, 9.2E-07, 9.5E-07, 2.8E-07, 2.0E-07, 8.0E-07, 1.8E-06, 1.2E+02, 1.2E+02, 1.2E+02, 1.2E+02, 1.2E+02, 1.2E+02, 1.2E+02, 1.2E+02, 1.2E+02, 1.2E+02, 1.2E+02, 1.7E+01, 4.7E-08, 2.5E-08, 2.3E-08, 3.3E-08, 3.3E-08, 1.8E-07, 4.1E-08, 2.1E-07, 2.3E-07, 1.9E+00, 9.8E+00, 9.8E+00, 9.8E+00, 9.8E+00, 9.8E+00, 9.8E+00, 9.8E+00, 9.8E+00, 9.8E+00, 9.8E+00, 9.8E+00, 9.8E+00, 6.5E-08, 6.5E-08, 6.6E-08, 6.7E-08, 6.8E-08, 1.3E-07, 1.8E-07, 1.0E+02, 1.0E+02, 1.0E+02, 1.0E+02, 1.0E+02, 1.0E+02, 1.0E+02, 1.0E+02, 1.0E+02, 1.0E+02, 1.0E+02, 1.0E+02, 1.0E+02, 1.0E+02, 1.0E+02, 1.0E+02, 1.0E+02, 1.0E+02, 1.0E+02, 1.0E+02, 1.0E+02, 1.0E+02, 1.0E+02, 1.0E+02, 1.5E-07, 6.6E-08, 4.6E-08, 3.9E-08, 3.5E-08, 3.3E-08, 3.1E-08, 8.1E-07, 2.7E-07, 2.3E-07, 4.3E-07, 2.8E-08, 2.9E-08, 3.0E-08, 3.4E-08, 4.1E-08, 4.7E-08, 5.2E-08, 5.6E-08, 5.8E-08, 6.1E-08, 5.1E-08, 5.3E-08, 1.7E-09, 1.8E+01, 1.0E+02, 1.0E+02, 1.0E+02, 1.0E+02, 1.0E+02, 1.0E+02, 1.2E+02, 1.2E+02, 1.2E+02, 1.2E+02, 1.2E+02, 1.2E+02, 1.2E+02, 1.2E+02, 1.2E+02, 1.2E+02, 1.2E+02, 2.9E+01, 9.8E+00, 9.8E+00, 9.8E+00, 9.8E+00, 9.8E+00, 9.8E+00, 9.8E+00, 9.8E+00, 9.8E+00, 4.1E-08, 4.2E-08, 3.7E-08, 3.8E-08, 3.9E-08, 4.0E-08, 4.1E-08, 4.2E-08, 4.4E-08, 4.6E-08, 4.8E-08, 5.0E-08, 5.4E-08, 5.8E-08, 6.2E-08, 6.5E-08, 6.9E-08, 7.1E-08, 7.4E-08, 7.7E-08, 8.0E-08, 8.2E-08, 8.2E-08, 8.1E-08, 7.9E-08, 7.9E-08, 7.9E-08, 8.0E-08, 9.7E-08, 9.9E-08, 9.2E-08, 9.3E-08, 9.4E-08, 9.5E-08, 1.1E-07, 1.1E-07, 1.1E-07, 1.1E-07, 1.5E-07, 1.6E-07, 1.2E-07, 1.3E-07, 1.3E-07, 1.3E-07, 1.3E-07, 1.5E-07, 1.7E-07, 2.0E-07, 1.9E-07, 2.2E-07, 2.6E-07, 2.9E-07, 3.0E-07, 2.9E-07, 2.8E-07, 3.3E-07, 4.4E-09, 9.0E-08, 1.1E-07, 2.2E-06, 9.8E+00, 9.8E+00, 1.0E+02, 1.2E+02, 1.2E+02, 1.2E+02, 1.2E+02, 1.2E+02, 1.0E+02, 1.2E+02, 1.2E+02, 1.2E+02, 1.2E+02, 1.2E+02, 1.2E+02, 1.2E+02, 1.2E+02, 1.2E+02, 1.2E+02, 1.2E+02, 1.2E+02, 1.2E+02, 1.2E+02, 1.2E+02, 1.6E+01, 3.2E-07, 2.6E-07, 2.5E-07, 2.3E-07, 2.0E-07, 2.0E-07, 2.0E-07, 3.6E-07, 1.2E-06, 1.8E-06, 2.0E-06, 1.8E-06, 1.8E-06, 2.0E-06, 1.7E-06, 1.1E-06, 4.2E-07, 4.1E-07, 4.1E-07, 4.1E-07, 4.1E-07, 4.3E-07, 4.1E-07, 3.8E-07, 4.6E-07, 4.6E-07, 5.1E-07, 5.2E-07, 5.2E-07, 3.2E-07, 5.6E-08, 5.8E-08, 6.0E-08, 6.2E-08, 6.4E-08, 6.6E-08, 8.9E-08, 9.2E-08, 9.4E-08, 9.7E-08, 9.9E-08, 1.0E-07, 1.0E-07, 1.0E-07, 1.1E-07, 1.1E-07, 1.1E-07, 1.1E-07, 1.3E-07, 1.3E-07, 1.4E-07, 1.0E-07, 1.0E-07, 1.1E-07, 1.1E-07, 1.1E-07, 1.1E-07, 1.2E-07, 1.2E-07, 1.2E-07, 1.2E-07, 1.2E-07, 1.3E-07, 1.3E-07, 1.5E-07, 1.8E-07, 2.1E-07, 2.3E-07, 2.5E-07, 2.5E-07, 2.4E-07, 2.7E-07, 3.0E-07, 3.5E-07, 4.0E-07, 5.0E-07, 9.3E-09, 1.2E-08, 1.5E-08, 4.4E-08, 1.5E-07, 6.8E-09, 8.1E-08, 3.9E-08, 2.0E-08, 1.4E-07, 1.7E-06, 1.1E-06, 4.4E-08, 1.8E-06, 5.0E-07, 2.8E-08, 2.8E-09, 3.8E-07, 4.2E+00, 1.0E+02, 1.0E+02, 1.0E+02, 1.0E+02, 1.0E+02, 1.0E+02, 1.0E+02, 1.0E+02, 1.0E+02, 1.0E+02, 1.0E+02, 1.2E+02, 1.2E+02, 1.2E+02, 1.2E+02, 5.3E-07, 1.2E-06, 1.2E+02, 1.2E+02, 1.2E+02, 1.2E+02, 1.2E+02, 1.2E+02, 1.2E+02, 1.2E+02, 1.2E+02, 1.2E+02, 1.2E+02, 1.2E+02, 1.2E+02, 1.2E+02, 8.2E+01, 9.8E+00, 9.8E+00, 9.8E+00, 9.8E+00, 9.8E+00, 9.8E+00, 9.8E+00, 9.8E+00, 9.8E+00, 9.8E+00, 9.8E+00, 9.8E+00, 9.8E+00, 9.8E+00, 1.6E-08, 1.6E-08, 1.7E-08, 1.8E-08, 2.1E-08, 2.5E-08, 2.8E-08, 3.0E-08, 3.2E-08, 3.4E-08, 3.5E-08, 3.7E-08, 3.8E-08, 4.0E-08, 4.2E-08, 4.3E-08, 4.5E-08, 4.7E-08, 4.9E-08, 5.1E-08, 5.6E-08, 6.1E-08, 6.5E-08, 6.8E-08, 7.2E-08, 7.5E-08, 7.8E-08, 8.0E-08, 8.3E-08, 8.5E-08, 8.7E-08, 8.9E-08, 9.1E-08, 9.3E-08, 9.5E-08, 1.1E-07, 1.2E-07, 1.6E-07, 1.2E-07, 1.3E-07, 1.3E-07, 1.3E-07, 1.5E-07, 1.9E-07, 2.2E-07, 2.2E-07, 2.1E-07, 1.8E-07, 1.3E-07, 3.1E-07, 3.0E-07, 3.5E-07, 4.1E-09, 9.9E-08, 1.0E+02, 1.0E+02, 1.0E+02, 1.2E+02, 1.2E+02, 1.2E+02, 1.2E+02, 1.2E+02, 1.2E+02, 1.2E+02, 1.2E+02, 1.2E+02, 1.2E+02, 1.2E+02, 1.2E+02, 1.2E+02, 1.2E+02, 1.2E+02, 1.2E+02, 1.2E+02, 1.2E+02, 1.2E+02, 1.2E+02, 1.2E+02, 8.6E+00, 8.6E+00, 8.6E+00, 8.6E+00, 8.6E+00, 8.6E+00, 8.6E+00, 5.1E-06, 2.3E-06, 3.2E-06, 3.1E-06, 8.3E-08, 3.5E-07, 3.4E-07, 6.5E-07, 4.2E-05, 5.3E-05, 4.5E-05, 9.8E+00, 9.8E+00, 9.8E+00, 3.8E-07, 3.1E-07, 5.1E-07, 3.2E-07, 2.9E-07, 2.9E-07, 2.3E-07, 3.2E-07, 3.4E-07, 3.5E-07, 6.0E-08, 6.2E-08, 6.4E-08, 8.4E-08, 6.7E-08, 6.5E-08, 6.7E-08, 6.8E-08, 6.9E-08, 8.4E-08, 1.2E-07, 1.4E-07, 1.2E-06, 1.6E-07, 9.1E-06, 1.0E+02, 1.0E+02, 1.0E+02, 1.0E+02, 1.0E+02, 1.0E+02, 1.0E+02, 1.0E+02, 1.0E+02, 1.0E+02, 1.0E+02, 1.0E+02, 1.0E+02, 1.0E+02, 1.0E+02, 1.0E+02, 1.0E+02, 1.0E+02, 1.2E+02, 1.2E+02, 5.8E-07, 2.2E-06, 1.8E-07, 1.6E-07, 1.7E-07, 1.9E-07, 5.4E-07, 2.6E-06, 3.1E-06, 4.1E-06, 5.9E-06, 1.4E-05, 3.3E-07, 5.2E-07, 7.1E-07, 9.3E-07, 1.2E-06, 1.4E-06, 1.5E-06, 1.5E-06, 1.5E-06, 1.3E-06, 1.1E-06, 7.9E-07, 6.1E-07, 4.1E-07, 2.0E-05, 1.0E-05, 6.0E-06, 5.6E-06, 4.2E-06, 4.6E-06, 2.8E-06, 8.4E-07, 3.0E-07, 2.4E-07, 2.3E-07, 2.3E-07, 2.5E-06, 4.4E-07, 5.0E-07, 4.1E-07, 3.6E-07, 3.2E-07, 3.6E-07, 4.0E-07, 3.9E-07, 2.9E-07, 2.7E-07, 2.6E-07, 3.1E-07, 2.7E-07, 2.8E-07, 3.1E-07, 3.4E-07, 3.7E-07, 4.1E-07, 4.4E-07, 4.5E-07, 4.4E-07, 4.8E-07, 5.3E-07, 6.0E-07, 1.6E-07, 1.7E-07, 1.8E-07, 2.6E-07, 1.7E-07, 1.6E-07, 2.4E-07, 6.1E-07, 1.4E-06, 3.1E-07, 2.8E-07, 2.9E-07, 3.0E-07, 3.0E-07, 1.2E+02, 1.2E+02, 1.2E+02, 1.2E+02, 1.2E+02, 1.2E+02, 1.2E+02, 1.2E+02, 9.5E+01, 5.2E-07, 7.1E-07, 1.0E-07, 4.9E-08, 3.6E-08, 3.0E-08, 2.7E-08, 1.5E-07, 1.4E-07, 2.0E-07, 2.8E-07, 3.6E-07, 4.5E-07, 6.3E-07, 2.4E-08, 3.4E-08, 4.5E-08, 6.0E-08, 5.8E-08, 5.1E-07, 6.4E-09, 3.1E-07, 3.2E-07, 2.3E-06, 9.8E+00, 9.8E+00, 9.8E+00, 9.8E+00, 9.8E+00, 9.8E+00, 9.3E-05, 9.8E+00, 9.8E+00, 9.8E+00, 9.8E+00, 9.8E+00, 4.0E-08, 2.1E-08, 1.5E-08, 3.3E+01, 1.0E+02, 1.0E+02, 1.0E+02, 1.0E+02, 1.0E+02, 1.0E+02, 1.0E+02, 1.0E+02, 1.0E+02, 1.0E+02, 1.0E+02, 1.0E+02, 1.0E+02, 1.0E+02, 1.0E+02, 1.0E+02, 1.0E+02, 1.0E+02, 1.0E+02, 1.0E+02, 1.0E+02, 1.0E+02, 1.2E+02, 1.2E+02, 1.2E+02, 1.2E+02, 5.7E-06, 7.4E-06, 1.4E-05, 5.2E-05, 3.8E-05, 8.4E-06, 2.5E-05, 2.9E-05, 1.8E-05, 7.2E-05, 4.2E-05, 4.8E-05, 4.7E-05, 4.3E-05, 4.6E-05, 2.4E-07, 2.5E-07, 2.6E-07, 2.8E-07, 2.9E-07, 3.1E-07, 3.2E-07, 2.3E-07, 2.5E-07, 2.8E-07, 2.9E-07, 3.2E-07, 3.4E-07, 3.7E-07, 4.4E-07, 5.2E-07, 5.4E-07, 4.5E-07, 4.4E-07, 4.5E-07, 1.3E-07, 3.5E-07, 8.5E-07, 7.3E+01, 1.2E+02, 1.2E+02, 1.2E+02, 1.2E+02, 1.0E+02, 1.0E+02, 1.0E+02, 1.0E+02, 1.0E+02, 1.0E+02, 1.0E+02, 1.0E+02, 1.0E+02, 1.0E+02, 1.0E+02, 1.0E+02, 1.0E+02, 1.0E+02, 7.0E+01, 2.7E-07, 1.2E-07, 9.2E-08, 7.7E-08, 6.8E-08, 6.4E-08, 6.3E-08, 6.3E-08, 6.5E-08, 7.0E-08, 1.2E-07, 1.3E-07, 1.4E-07, 1.4E-07, 1.2E-07, 1.3E-07, 1.3E-07, 1.4E-07, 1.4E-07, 1.4E-07, 1.5E-07, 1.5E-07, 1.5E-07, 1.5E-07, 1.6E-07, 2.1E-07, 2.6E-07, 3.0E-07, 1.4E-07, 6.4E-07, 2.7E-07, 2.7E-07, 2.3E-07, 2.0E-07, 1.8E-07, 1.7E-07, 1.6E-07, 1.6E-07, 1.8E-07, 1.8E-07, 1.9E-07, 1.2E-07, 1.2E-07, 1.5E-07, 2.1E-08, 1.2E-06, 1.2E+02, 1.2E+02, 1.2E+02, 1.2E+02, 1.2E+02, 1.2E+02, 1.2E+02, 1.2E+02, 1.2E+02, 1.2E+02, 1.2E+02, 1.2E+02, 1.2E+02, 1.2E+02, 1.2E+02, 1.2E+02, 1.2E+02, 1.2E+02, 1.2E+02, 1.2E+02, 1.2E+02, 1.2E+02, 9.8E+00, 9.8E+00, 9.8E+00, 9.8E+00, 9.8E+00, 9.8E+00, 9.8E+00, 9.8E+00, 8.6E+00, 8.6E+00, 3.3E-07, 7.6E-07, 3.9E-07, 2.3E-08, 2.6E-08, 2.9E-08, 2.6E-08, 2.8E-08, 3.1E-08, 3.3E-08, 3.5E-08, 3.7E-08, 3.9E-08, 4.0E-08, 4.2E-08, 4.3E-08, 4.4E-08, 4.6E-08, 4.7E-08, 4.8E-08, 4.9E-08, 5.1E-08, 5.3E-08, 5.5E-08, 5.7E-08, 7.9E-08, 8.1E-08, 8.4E-08, 8.6E-08, 8.8E-08, 9.0E-08, 9.2E-08, 9.3E-08, 9.4E-08, 9.6E-08, 9.6E-08, 9.7E-08, 9.8E-08, 9.9E-08, 1.0E-07, 1.0E-07, 1.0E-07, 1.2E-07, 1.3E-07, 1.3E-07, 1.0E-07, 1.0E-07, 1.0E-07, 1.0E-07, 1.0E-07, 1.1E-07, 1.1E-07, 1.1E-07, 1.2E-07, 1.2E-07, 1.2E-07, 1.3E-07, 1.3E-07, 1.3E-07, 1.3E-07, 1.5E-07, 1.8E-07, 2.0E-07, 2.2E-07, 2.4E-07, 2.4E-07, 2.4E-07, 2.5E-07, 2.9E-07, 3.3E-07, 3.8E-07, 4.4E-07, 7.9E-09, 1.0E-08, 1.3E-08, 1.7E-08, 5.7E-08, 2.1E-07, 9.3E-09, 1.1E-07, 3.4E-08, 5.2E-08, 4.3E-07, 1.6E-08, 1.9E-08, 3.2E-07, 3.9E-07, 1.2E-06, 4.0E-06, 2.7E-07, 4.5E-07, 4.7E-07, 1.2E+02, 1.2E+02, 1.2E+02, 1.2E+02, 1.2E+02, 1.2E+02, 1.2E+02, 1.2E+02, 1.2E+02, 1.2E+02, 1.2E+02, 1.2E+02, 9.8E+00, 9.8E+00, 9.8E+00, 9.8E+00, 9.8E+00, 9.8E+00, 9.8E+00, 9.8E+00, 9.8E+00, 9.8E+00, 9.8E+00, 9.8E+00, 9.8E+00, 9.8E+00, 9.8E+00, 9.8E+00, 9.8E+00, 1.2E+02, 1.0E+02, 1.0E+02, 1.0E+02, 1.0E+02, 1.0E+02, 1.0E+02, 1.0E+02, 1.0E+02, 1.0E+02, 1.0E+02, 1.0E+02, 1.0E+02, 1.0E+02, 1.0E+02, 1.2E+02, 1.2E+02, 1.2E+02, 1.2E+02, 1.0E+02, 1.6E-07, 8.9E-08, 7.5E-08, 6.5E-08, 6.2E-08, 6.1E-08, 6.2E-08, 6.3E-08, 6.4E-08, 6.7E-08, 6.9E-08, 7.2E-08, 7.7E-08, 8.1E-08, 8.7E-08, 9.5E-08, 1.0E-07, 1.1E-07, 1.1E-07, 1.2E-07, 1.3E-07, 1.3E-07, 1.4E-07, 1.4E-07, 1.5E-07, 1.6E-07, 1.6E-07, 1.7E-07, 1.8E-07, 1.9E-07, 5.3E-07, 2.4E-07, 2.6E-07, 2.7E-07, 2.7E-07, 5.9E-07, 5.4E-07, 5.5E-07, 5.6E-07, 2.9E-07, 3.3E-07, 3.5E-07, 3.2E-07, 3.4E-07, 3.4E-07, 4.1E-07, 4.7E-07, 1.2E-07, 1.4E-07, 1.4E-07, 1.2E-07, 1.4E-07, 1.1E-07, 1.9E-07, 1.7E-07, 6.5E-09, 1.9E-08, 7.4E-08, 1.0E+02, 1.0E+02, 1.0E+02, 1.0E+02, 1.0E+02, 1.0E+02, 1.0E+02, 1.0E+02, 1.0E+02, 1.0E+02, 1.0E+02, 1.0E+02, 1.0E+02, 1.0E+02, 1.0E+02, 1.0E+02, 1.0E+02, 1.0E+02, 1.0E+02, 1.0E+02, 1.0E+02, 1.0E+02, 1.0E+02, 1.0E+02, 1.1E-04, 2.0E-07, 8.8E-08, 5.9E-08, 4.7E-08, 4.0E-08, 3.5E-08, 3.3E-08, 3.1E-08, 2.9E-06, 4.2E-06, 7.9E-08, 8.6E-08, 7.9E-08, 8.1E-08, 8.5E-08, 8.8E-08, 9.2E-08, 9.5E-08, 9.7E-08, 9.8E-08, 9.9E-08, 9.9E-08, 9.9E-08, 1.6E-07, 1.8E-07, 2.5E-07, 2.2E-07, 2.5E-07, 2.4E-07, 1.2E-07, 1.3E-07, 1.6E-07, 2.2E-07, 8.0E+00, 9.8E+00, 9.8E+00, 9.8E+00, 9.8E+00, 1.4E-08, 7.4E-09, 4.3E-06, 1.0E+02, 1.0E+02, 1.0E+02, 1.0E+02, 1.0E+02, 1.0E+02, 1.0E+02, 1.0E+02, 1.0E+02, 1.0E+02, 1.0E+02, 1.0E+02, 1.0E+02, 1.0E+02, 1.0E+02, 1.2E+02, 1.2E+02, 1.2E+02, 1.2E+02, 1.2E+02, 3.6E+01, 5.2E-07, 5.8E-07, 2.5E-06, 3.1E-06, 2.8E-06, 3.8E-06, 4.3E-06, 4.8E-06, 5.1E-06, 5.2E-06, 5.1E-06, 4.5E-06, 4.4E-06, 4.0E-06, 2.9E-06, 3.0E-06, 2.1E-06, 4.5E-07, 3.4E-07, 2.6E-07, 2.4E-07, 2.4E-07, 2.4E-07, 1.3E-06, 3.9E-07, 3.9E-07, 4.0E-07, 6.2E-08, 6.4E-08, 6.5E-08, 6.7E-08, 6.8E-08, 7.0E-08, 7.2E-08, 9.3E-08, 9.5E-08, 9.7E-08, 9.9E-08, 1.0E-07, 1.0E-07, 1.0E-07, 1.1E-07, 1.1E-07, 1.1E-07, 1.1E-07, 1.1E-07, 1.4E-07, 1.4E-07, 1.1E-07, 1.1E-07, 1.2E-07, 1.2E-07, 1.2E-07, 1.2E-07, 1.2E-07, 1.2E-07, 1.4E-07, 1.3E-07, 1.3E-07, 1.4E-07, 1.5E-07, 1.7E-07, 1.9E-07, 2.2E-07, 2.5E-07, 2.6E-07, 2.6E-07, 2.5E-07, 2.8E-07, 3.2E-07, 1.3E-07, 1.2E-07, 1.6E-07, 2.5E-07, 3.3E-07, 4.1E-07, 5.2E-07, 8.0E-07, 1.9E-08, 1.0E-07, 2.3E-08, 3.1E-07, 3.3E-08, 1.5E-07, 8.0E-09, 1.1E-07, 6.7E-07, 4.0E-07, 2.8E-06, 6.2E-07, 3.0E-06, 1.0E+02, 1.0E+02, 1.0E+02, 1.0E+02, 1.0E+02, 1.0E+02, 1.0E+02, 1.0E+02, 1.0E+02, 1.0E+02, 1.2E+02, 1.2E+02, 1.2E+02, 9.8E+00, 6.4E+00, 8.8E+00, 4.6E-08, 5.0E-09, 8.2E-09, 6.5E-08, 9.8E+00, 9.8E+00, 2.1E-08, 2.1E-08, 2.1E-08, 2.2E-08, 1.6E-08, 9.0E-08, 2.3E-07, 2.2E-07, 2.8E-07, 2.8E-07, 1.2E+02, 1.2E+02, 1.2E+02, 1.2E+02, 1.2E+02, 1.2E+02, 1.2E+02, 1.2E+02, 1.2E+02, 1.2E+02, 1.2E+02, 1.2E+02, 1.2E+02, 1.2E+02, 1.2E+02, 1.2E+02, 1.2E+02, 1.2E+02, 9.8E+00, 9.8E+00, 9.8E+00, 9.8E+00, 9.8E+00, 9.8E+00, 9.8E+00, 9.8E+00, 9.8E+00, 9.8E+00, 1.8E-08, 1.8E-08, 1.9E-08, 1.9E-08, 2.0E-08, 2.4E-08, 2.8E-08, 3.2E-08, 3.6E-08, 3.3E-08, 3.6E-08, 3.9E-08, 4.2E-08, 4.4E-08, 4.6E-08, 4.8E-08, 5.0E-08, 5.2E-08, 5.3E-08, 5.6E-08, 5.9E-08, 6.2E-08, 6.4E-08, 6.6E-08, 6.8E-08, 7.0E-08, 7.2E-08, 7.3E-08, 7.5E-08, 7.7E-08, 7.8E-08, 8.0E-08, 1.4E-07, 1.8E-08, 3.3E-07, 1.0E+02, 1.0E+02, 1.0E+02, 1.0E+02, 1.0E+02, 1.0E+02, 1.0E+02, 1.0E+02, 1.0E+02, 1.0E+02, 1.0E+02, 1.0E+02, 1.2E+02, 1.2E+02, 1.2E+02, 1.2E+02, 1.2E+02, 1.2E+02, 1.2E+02, 1.2E+02, 9.8E+00, 9.8E+00, 9.8E+00, 9.8E+00, 9.8E+00, 1.1E-07, 1.0E-07, 1.0E-07, 9.8E-08, 9.1E-08, 9.0E-08, 8.1E-08, 8.4E-08, 8.3E-08, 4.0E-08, 4.1E-08, 4.3E-08, 4.4E-08, 4.5E-08, 4.6E-08, 4.7E-08, 4.9E-08, 5.1E-08, 5.3E-08, 5.7E-08, 6.1E-08, 6.4E-08, 8.3E-08, 5.0E-07, 6.7E-07, 5.3E-07, 1.0E-07, 2.0E-07, 1.5E-07, 8.4E-08, 8.6E-08, 8.8E-08, 9.0E-08, 9.2E-08, 9.4E-08, 9.5E-08, 9.6E-08, 9.8E-08, 1.0E-07, 1.3E-07, 1.3E-07, 1.3E-07, 1.3E-07, 1.3E-07, 1.2E-07, 1.2E-07, 1.2E-07, 1.3E-07, 1.3E-07, 1.3E-07, 1.3E-07, 2.5E-07, 3.6E-07, 1.4E-07, 4.7E-08, 8.2E-07, 1.0E+02, 1.0E+02, 1.0E+02, 1.0E+02, 1.0E+02, 1.0E+02, 1.0E+02, 1.0E+02, 1.0E+02, 1.0E+02, 1.0E+02, 1.0E+02, 1.0E+02, 1.0E+02, 1.0E+02, 1.0E+02, 1.0E+02, 1.0E+02, 1.0E+02, 1.0E+02, 1.0E+02, 1.0E+02, 1.0E+02, 1.0E+02, 1.4E-03, 2.1E-07, 9.0E-08, 6.0E-08, 4.7E-08, 4.0E-08, 3.6E-08, 3.4E-08, 3.2E-08, 3.4E-08, 3.7E-08, 4.0E-08, 4.3E-08, 4.6E-08, 4.8E-08, 4.1E-08, 4.3E-08, 4.4E-08, 4.6E-08, 4.7E-08, 4.9E-08, 5.0E-08, 5.1E-08, 5.2E-08, 5.4E-08, 5.6E-08, 5.8E-08, 6.0E-08, 6.2E-08, 6.4E-08, 6.6E-08, 6.8E-08, 7.0E-08, 7.1E-08, 7.3E-08, 7.5E-08, 7.6E-08, 9.8E-08, 1.0E-07, 1.0E-07, 1.0E-07, 1.1E-07, 1.1E-07, 1.1E-07, 1.1E-07, 1.1E-07, 1.2E-07, 1.5E-07, 1.2E-07, 1.2E-07, 1.3E-07, 1.3E-07, 1.3E-07, 1.4E-07, 2.9E-07, 3.3E-07, 3.7E-07, 4.0E-07, 4.2E-07, 4.2E-07, 4.4E-07, 4.9E-07, 5.5E-07, 1.5E-07, 1.6E-07, 1.7E-07, 2.0E-07, 5.8E-07, 2.5E-07, 3.2E-07, 2.5E-07, 7.0E-07, 2.5E-07, 3.3E-07, 2.9E-07, 5.5E-07, 3.1E-07, 1.2E+02, 1.2E+02, 1.2E+02, 1.2E+02, 1.2E+02, 1.2E+02, 1.2E+02, 1.2E+02, 3.7E+01, 4.0E-07, 4.4E-07, 2.3E-07, 1.4E-07, 1.0E-07, 7.7E-08, 6.6E-08, 6.6E-08, 9.3E-08, 5.8E-07, 9.7E-08, 8.3E-07, 1.9E-06, 4.5E-07, 3.6E-07, 1.4E-07, 1.7E-07, 9.8E+00, 9.8E+00, 9.8E+00, 9.8E+00, 1.2E+02, 1.2E+02, 1.2E+02, 1.2E+02, 1.2E+02, 1.2E+02, 1.2E+02, 1.2E+02, 1.2E+02, 1.2E+02, 1.2E+02, 1.2E+02, 1.0E+02, 1.0E+02, 1.0E+02, 1.0E+02, 1.0E+02, 1.0E+02, 1.8E+01, 1.6E-07, 7.3E-08, 5.0E-08, 3.9E-08, 3.4E-08, 3.0E-08, 2.8E-08, 2.7E-08, 2.6E-08, 2.5E-08, 2.7E-08, 3.1E-08, 3.5E-08, 3.8E-08, 3.3E-08, 3.5E-08, 3.8E-08, 4.1E-08, 4.4E-08, 4.6E-08, 4.9E-08, 5.2E-08, 5.5E-08, 5.7E-08, 6.1E-08, 6.6E-08, 7.0E-08, 7.3E-08, 7.6E-08, 7.9E-08, 8.2E-08, 8.4E-08, 8.6E-08, 8.8E-08, 9.0E-08, 9.3E-08, 9.5E-08, 9.6E-08, 9.8E-08, 9.9E-08, 1.0E-07, 1.0E-07, 1.0E-07, 1.1E-07, 1.4E-07, 1.5E-07, 1.2E-07, 1.3E-07, 1.6E-07, 1.4E-07, 1.8E-07, 2.3E-07, 2.9E-07, 3.3E-07, 4.3E-07, 1.1E-07, 1.1E-07, 1.2E-07, 1.2E-07, 1.3E-07, 2.1E-07, 1.3E-07, 1.3E-07, 1.3E-07, 2.4E-07, 4.0E-07, 6.3E-08, 2.6E-07, 9.8E+00, 9.8E+00, 1.2E+02, 1.2E+02, 1.2E+02, 1.2E+02, 1.2E+02, 1.2E+02, 1.2E+02, 1.2E+02, 1.2E+02, 1.2E+02, 1.2E+02, 1.2E+02, 1.2E+02, 1.2E+02, 1.2E+02, 1.2E+02, 1.2E+02, 1.2E+02, 1.2E+02, 1.2E+02, 1.2E+02, 1.2E+02, 1.2E+02, 1.2E+02, 1.2E+02, 6.1E+01, 7.7E-06, 4.7E-06, 6.0E-06, 1.8E-06, 2.6E-06, 8.2E-07, 1.1E-06, 1.7E-06, 2.1E-06, 2.2E-06, 2.0E-06, 1.4E-06, 1.4E-06, 1.0E-06, 7.8E-07, 5.9E-07, 4.3E-07, 7.1E-06, 5.4E-06, 3.2E-06, 1.6E-06, 1.9E-07, 2.0E-07, 2.5E-07, 9.8E+00, 9.8E+00, 9.8E+00, 9.8E+00, 9.8E+00, 1.7E-05, 2.4E-06, 4.2E-07, 9.6E-07, 8.9E-07, 3.8E-07, 1.2E+02, 1.2E+02, 1.2E+02, 1.2E+02, 1.2E+02, 1.2E+02, 1.2E+02, 1.2E+02, 1.2E+02, 1.2E+02, 1.2E+02, 1.2E+02, 1.2E+02, 1.2E+02, 1.2E+02, 1.2E+02, 3.1E+01, 9.8E+00, 9.8E+00, 9.8E+00, 9.8E+00, 9.8E+00, 9.8E+00, 9.8E+00, 9.8E+00, 9.0E+00, 4.9E-07, 2.6E-07, 1.9E-07, 4.2E-08, 4.3E-08, 4.3E-08, 4.4E-08, 4.5E-08, 4.6E-08, 4.7E-08, 4.8E-08, 5.0E-08, 5.1E-08, 5.3E-08, 5.5E-08, 5.7E-08, 5.8E-08, 6.0E-08, 6.2E-08, 6.3E-08, 6.4E-08, 6.6E-08, 6.7E-08, 6.9E-08, 7.0E-08, 7.1E-08, 9.2E-08, 9.4E-08, 9.6E-08, 9.8E-08, 1.0E-07, 1.0E-07, 1.0E-07, 1.0E-07, 1.1E-07, 1.1E-07, 1.1E-07, 1.1E-07, 1.1E-07, 1.3E-07, 1.4E-07, 1.4E-07, 1.1E-07, 1.1E-07, 1.1E-07, 1.1E-07, 1.1E-07, 1.2E-07, 1.2E-07, 1.2E-07, 1.2E-07, 1.3E-07, 1.3E-07, 1.3E-07, 1.3E-07, 1.5E-07, 1.7E-07, 2.0E-07, 2.2E-07, 2.5E-07, 2.6E-07, 2.5E-07, 2.6E-07, 2.9E-07, 3.2E-07, 3.8E-07, 4.4E-07, 6.8E-09, 1.1E-08, 1.3E-08, 2.2E-08, 7.0E-08, 2.8E-07, 1.5E-08, 1.6E-07, 1.6E-07, 1.1E-08, 4.6E-07, 1.2E-07, 6.9E-08, 9.4E-07, 2.1E-07, 7.9E-07, 1.2E-07, 5.2E-06, 9.0E-07, 1.2E+02, 1.2E+02, 1.2E+02, 1.2E+02, 1.2E+02, 1.2E+02, 1.2E+02, 1.2E+02, 1.2E+02, 1.2E+02, 1.2E+02, 5.1E+01, 9.8E+00, 9.8E+00, 1.2E-05, 5.3E-07, 8.4E-08, 2.9E-08, 4.0E-07, 2.1E-07, 1.1E-07, 1.6E-06, 1.2E-07, 7.6E-08, 9.8E+00, 9.8E+00, 9.8E+00, 9.8E+00, 9.8E+00, 9.8E+00, 9.8E+00, 9.8E+00, 9.8E+00, 9.8E+00, 9.8E+00, 9.8E+00, 9.8E+00, 8.4E-08, 8.4E-08, 8.5E-08, 8.6E-08, 8.7E-08, 8.8E-08, 8.9E-08, 1.1E-07, 1.4E-07, 7.5E-08, 8.8E-06, 1.0E+02, 1.0E+02, 1.0E+02, 1.0E+02, 1.0E+02, 1.0E+02, 1.0E+02, 1.0E+02, 1.0E+02, 1.0E+02, 1.0E+02, 1.0E+02, 1.0E+02, 1.0E+02, 1.0E+02, 1.0E+02, 1.0E+02, 1.2E+02, 1.2E+02, 1.2E+02, 7.7E-07, 2.2E-07, 1.3E-07, 1.0E-07, 9.2E-08, 8.6E-08, 8.4E-08, 8.3E-08, 8.3E-08, 8.4E-08, 8.7E-08, 9.0E-08, 9.4E-08, 1.0E-07, 1.1E-07, 1.2E-07, 1.3E-07, 1.3E-07, 1.2E-07, 1.2E-07, 1.3E-07, 1.3E-07, 1.3E-07, 1.4E-07, 1.4E-07, 1.5E-07, 1.5E-07, 1.6E-07, 1.6E-07, 1.7E-07, 1.8E-07, 2.0E-07, 2.4E-07, 1.1E-07, 4.8E-07, 1.5E-07, 1.2E+02, 1.2E+02, 1.2E+02, 1.2E+02, 1.2E+02, 1.2E+02, 1.2E+02, 1.2E+02, 1.2E+02, 1.2E+02, 1.2E+02, 1.2E+02, 1.2E+02, 1.2E+02, 1.2E+02, 3.6E+01, 9.8E+00, 9.8E+00, 9.8E+00, 9.8E+00, 9.8E+00, 9.8E+00, 9.8E+00, 9.8E+00, 9.8E+00, 9.8E+00, 9.8E+00, 4.4E-08, 4.4E-08, 4.4E-08, 4.5E-08, 4.5E-08, 4.7E-08, 4.8E-08, 4.8E-08, 4.9E-08, 5.0E-08, 5.1E-08, 5.2E-08, 5.3E-08, 5.5E-08, 5.7E-08, 5.9E-08, 6.1E-08, 6.4E-08, 6.6E-08, 6.9E-08, 7.2E-08, 7.6E-08, 7.9E-08, 8.1E-08, 9.9E-08, 1.0E-07, 1.0E-07, 1.0E-07, 1.1E-07, 1.1E-07, 1.1E-07, 1.1E-07, 1.1E-07, 1.1E-07, 1.2E-07, 1.3E-07, 1.7E-07, 1.3E-07, 1.3E-07, 1.3E-07, 1.5E-07, 2.0E-07, 2.1E-07, 2.1E-07, 1.9E-07, 1.5E-07, 1.4E-07, 1.5E-07, 1.7E-07, 3.9E-09, 5.3E-09, 2.0E-08, 6.2E-09, 7.7E-09, 9.5E-09, 4.1E-07, 1.0E+02, 1.0E+02, 1.0E+02, 1.0E+02, 1.0E+02, 1.0E+02, 1.0E+02, 1.0E+02, 1.0E+02, 1.0E+02, 1.0E+02, 1.0E+02, 1.0E+02, 1.0E+02, 1.2E+02, 1.2E+02, 1.2E+02, 1.2E+02, 1.2E+02, 1.2E+02, 1.2E+02, 1.2E+02, 1.2E+02, 1.2E+02, 1.1E+02, 3.0E-06, 3.8E-06, 4.7E-06, 4.8E-06, 4.2E-06, 2.2E-07, 4.0E-07, 1.2E-06, 2.4E-06, 1.0E-05, 4.8E-05, 9.2E-07, 8.4E-07, 7.6E-07, 9.0E-07, 1.6E-06, 2.3E-06, 7.9E-06, 4.3E-06, 2.7E-06, 1.8E-06, 1.6E-07, 2.4E-06, 2.5E-06, 2.3E-06, 1.3E-06, 4.8E-07, 1.9E-06, 2.8E-07, 5.2E-08, 5.4E-08, 5.6E-08, 5.8E-08, 6.4E-08, 8.0E-08, 8.1E-08, 8.3E-08, 8.3E-08, 7.3E-08, 9.4E-08, 9.7E-08, 9.9E-08, 1.0E-07, 1.0E-07, 1.0E-07, 1.0E-07, 1.1E-07, 1.1E-07, 1.1E-07, 1.1E-07, 1.1E-07, 1.1E-07, 1.1E-07, 1.1E-07, 1.2E-07, 1.2E-07, 1.2E-07, 1.2E-07, 1.3E-07, 1.2E-07, 1.2E-07, 1.2E-07, 1.3E-07, 1.4E-07, 1.5E-07, 1.8E-07, 2.0E-07, 2.3E-07, 2.5E-07, 2.5E-07, 2.4E-07, 2.6E-07, 3.0E-07, 3.3E-07, 1.4E-07, 1.5E-07, 2.6E-07, 4.0E-07, 5.4E-07, 6.8E-07, 9.3E-09, 1.2E-08, 1.4E-08, 2.0E-08, 2.8E-08, 3.8E-08, 1.4E-06, 2.3E-06, 9.8E+00, 9.8E+00, 9.8E+00, 9.8E+00, 9.8E+00, 9.8E+00, 9.8E+00, 1.2E+02, 1.2E+02, 1.2E+02, 1.2E+02, 1.2E+02, 1.2E+02, 1.2E+02, 1.2E+02, 1.2E+02, 1.2E+02, 1.2E+02, 1.2E+02, 8.6E+00, 8.6E+00, 8.6E+00, 8.6E+00, 8.6E+00, 8.6E+00, 8.6E+00, 8.6E+00, 8.6E+00, 8.6E+00, 9.3E+01, 1.2E+02, 1.2E+02, 1.2E+02, 1.2E+02, 1.2E+02, 1.2E+02, 1.2E+02, 1.2E+02, 1.2E+02, 1.2E+02, 1.2E+02, 1.2E+02, 9.8E+00, 9.8E+00, 9.8E+00, 9.8E+00, 9.8E+00, 9.8E+00, 9.8E+00, 9.8E+00, 2.3E-08, 2.3E-08, 2.2E-08, 2.2E-08, 2.4E-08, 2.7E-08, 3.0E-08, 2.6E-08, 2.8E-08, 3.1E-08, 3.3E-08, 3.6E-08, 3.8E-08, 4.0E-08, 4.2E-08, 4.4E-08, 4.5E-08, 4.7E-08, 4.8E-08, 4.9E-08, 5.1E-08, 5.3E-08, 5.7E-08, 6.1E-08, 6.6E-08, 7.0E-08, 7.4E-08, 7.8E-08, 8.2E-08, 8.5E-08, 8.8E-08, 9.1E-08, 9.4E-08, 9.6E-08, 9.9E-08, 1.0E-07, 1.0E-07, 1.0E-07, 1.1E-07, 1.5E-07, 1.1E-07, 1.6E-07, 1.9E-07, 1.8E-07, 2.3E-07, 1.9E-07, 1.7E-07, 1.4E-07, 1.3E-07, 1.4E-07, 1.4E-07, 2.6E-07, 3.8E-07, 4.8E-09, 6.3E-09, 6.6E-07, 9.7E-08, 1.0E+02, 1.0E+02, 1.0E+02, 1.0E+02, 1.0E+02, 1.0E+02, 1.0E+02, 1.0E+02, 1.0E+02, 1.0E+02, 1.0E+02, 1.0E+02, 1.0E+02, 1.2E+02, 1.2E+02, 1.2E+02, 1.2E+02, 1.2E+02, 1.2E+02, 1.2E+02, 1.2E+02, 1.2E+02, 1.2E+02, 1.2E+02, 6.0E+01, 1.8E-07, 1.3E-07, 1.2E-07, 1.2E-07, 1.3E-07, 1.4E-07, 1.6E-07, 1.8E-07, 2.2E-07, 2.7E-07, 3.8E-07, 1.4E-07, 2.3E-07, 9.8E+00, 9.8E+00, 9.8E+00, 9.8E+00, 9.8E+00, 3.4E-07, 8.6E-08, 1.4E-07, 2.3E-07, 2.2E-07, 1.1E-06, 1.6E-06, 1.9E-07, 1.9E-07, 1.8E-07, 1.5E-07, 1.3E-07, 9.5E-08, 1.4E-06, 6.9E-07, 4.0E-07, 8.1E-07, 3.2E-07, 3.1E-07, 2.9E-07, 2.7E-07, 2.1E-07, 2.2E-07, 4.0E-07, 1.2E-07, 1.0E-06, 1.2E-06, 2.8E-07, 2.6E-08, 1.2E-04, 1.0E+02, 1.0E+02, 1.0E+02, 1.0E+02, 1.0E+02, 1.0E+02, 1.0E+02, 1.0E+02, 1.0E+02, 1.0E+02, 1.0E+02, 1.2E+02, 1.2E+02, 1.2E+02, 1.2E+02, 1.2E+02, 1.2E+02, 1.2E+02, 1.2E+02, 1.2E+02, 9.8E+01, 3.5E-07, 2.0E-07, 1.6E-07, 3.3E-07, 5.3E-07, 4.6E-07, 2.9E-07, 2.5E-07, 2.7E-07, 7.0E-07, 2.0E-06, 3.5E-06, 4.6E-06, 9.8E+00, 9.8E+00, 9.8E+00, 9.8E+00, 9.8E+00, 9.8E+00, 2.5E-07, 2.5E-07, 1.3E-06, 7.9E-07, 3.3E-07, 3.2E-07, 3.2E-07, 3.2E-07, 5.0E-08, 5.1E-08, 5.3E-08, 5.5E-08, 5.6E-08, 5.8E-08, 8.0E-08, 8.3E-08, 8.5E-08, 8.8E-08, 9.0E-08, 9.2E-08, 9.4E-08, 9.6E-08, 9.7E-08, 9.8E-08, 9.9E-08, 1.0E-07, 1.0E-07, 1.0E-07, 1.0E-07, 1.0E-07, 1.0E-07, 1.0E-07, 1.3E-07, 1.3E-07, 1.3E-07, 1.0E-07, 1.0E-07, 1.0E-07, 1.1E-07, 1.1E-07, 1.1E-07, 1.2E-07, 1.2E-07, 1.2E-07, 1.3E-07, 1.3E-07, 1.3E-07, 1.3E-07, 1.5E-07, 1.7E-07, 2.0E-07, 2.2E-07, 2.4E-07, 2.5E-07, 2.3E-07, 2.6E-07, 2.9E-07, 3.3E-07, 3.8E-07, 4.6E-07, 8.6E-09, 1.1E-08, 1.4E-08, 2.8E-08, 8.9E-08, 3.6E-07, 1.9E-08, 1.4E-07, 1.6E-07, 6.4E-08, 3.7E-09, 6.8E-08, 8.6E-07, 1.1E-07, 1.4E-06, 1.2E-07, 3.3E-06, 1.3E-06, 1.4E-07, 1.0E+02, 1.0E+02, 1.0E+02, 1.0E+02, 1.0E+02, 1.2E+02, 1.2E+02, 1.2E+02, 1.2E+02, 1.2E+02, 1.2E+02, 1.2E+02, 1.2E+02, 1.2E+02, 1.2E+02, 1.2E+02, 1.2E+02, 1.2E+02, 1.2E+02, 1.2E+02, 1.2E+02, 1.2E+02, 1.2E+02, 1.2E+02, 1.2E+02, 1.2E+02, 1.2E+02, 9.8E+00, 9.8E+00, 9.8E+00, 9.8E+00, 9.8E+00, 9.8E+00, 9.8E+00, 9.8E+00, 9.8E+00, 1.6E-08, 1.6E-08, 1.5E-08, 1.6E-08, 1.6E-08, 1.6E-08, 1.7E-08, 1.8E-08, 1.9E-08, 2.2E-08, 2.6E-08, 3.1E-08, 3.5E-08, 3.1E-08, 3.5E-08, 3.8E-08, 4.1E-08, 4.4E-08, 4.6E-08, 4.8E-08, 5.0E-08, 5.1E-08, 5.3E-08, 5.6E-08, 5.9E-08, 6.2E-08, 6.4E-08, 6.6E-08, 6.8E-08, 7.0E-08, 7.2E-08, 7.4E-08, 7.5E-08, 7.7E-08, 7.9E-08, 1.0E-07, 1.0E-07, 1.0E-07, 1.1E-07, 1.1E-07, 1.1E-07, 1.1E-07, 1.4E-07, 1.5E-07, 1.1E-07, 1.2E-07, 1.2E-07, 1.2E-07, 1.3E-07, 1.3E-07, 1.3E-07, 1.5E-07, 2.0E-07, 5.5E-07, 1.1E-06, 6.0E-08, 1.0E+02, 1.0E+02, 1.0E+02, 1.0E+02, 1.0E+02, 1.0E+02, 1.2E+02, 1.2E+02, 1.2E+02, 1.2E+02, 1.2E+02, 1.2E+02, 1.2E+02, 1.2E+02, 1.2E+02, 1.2E+02, 1.2E+02, 1.2E+02, 1.2E+02, 1.2E+02, 1.2E+02, 1.2E+02, 1.2E+02, 1.2E+02, 2.3E+01, 6.0E-07, 2.3E-07, 1.6E-07, 1.2E-07, 1.1E-07, 9.6E-08, 8.9E-08, 8.4E-08, 8.2E-08, 8.1E-08, 8.1E-08, 8.1E-08, 8.5E-08, 9.0E-08, 9.4E-08, 1.0E-07, 1.1E-07, 1.3E-07, 9.8E+00, 9.8E+00, 9.8E+00, 9.8E+00, 4.7E-08, 4.8E-08, 4.9E-08, 9.8E+00, 1.0E-06, 5.1E-07, 5.2E-07, 1.0E-06, 9.8E+00, 9.8E+00, 5.8E-08, 5.9E-08, 8.6E-08, 1.4E-07, 2.5E-06, 1.0E+02, 1.0E+02, 1.0E+02, 1.0E+02, 1.0E+02, 1.0E+02, 1.0E+02, 1.0E+02, 1.0E+02, 1.0E+02, 1.0E+02, 1.0E+02, 1.0E+02, 1.0E+02, 1.0E+02, 1.0E+02, 1.0E+02, 1.2E+02, 1.2E+02, 1.2E+02, 1.2E+02, 6.6E-07, 4.0E-07, 3.7E-06, 5.1E-06, 2.7E-06, 5.1E-07, 9.3E-07, 1.4E-06, 1.9E-06, 1.1E-05, 6.9E-06, 1.0E-05, 1.4E-05, 1.3E-05, 9.8E-06, 2.8E-06, 2.6E-06, 2.9E-06, 2.9E-06, 2.6E-06, 2.8E-06, 3.0E-06, 2.4E-06, 2.2E-06, 9.3E-07, 2.8E-07, 2.1E-07, 1.9E-07, 1.8E-07, 1.7E-07, 1.7E-07, 1.3E-07, 1.2E-06, 3.0E-07, 7.2E-08, 9.2E-08, 9.4E-08, 9.7E-08, 9.8E-08, 1.0E-07, 1.0E-07, 1.0E-07, 1.0E-07, 1.1E-07, 1.1E-07, 1.1E-07, 1.1E-07, 1.1E-07, 1.4E-07, 1.4E-07, 1.1E-07, 1.1E-07, 1.1E-07, 1.1E-07, 1.1E-07, 1.2E-07, 1.2E-07, 1.2E-07, 1.2E-07, 1.3E-07, 1.3E-07, 1.3E-07, 1.3E-07, 1.4E-07, 1.6E-07, 1.9E-07, 2.2E-07, 2.4E-07, 2.5E-07, 2.5E-07, 2.5E-07, 2.8E-07, 3.1E-07, 3.6E-07, 4.1E-07, 5.1E-07, 9.5E-09, 1.2E-08, 1.6E-08, 4.7E-08, 1.7E-07, 8.1E-09, 1.2E-07, 6.4E-08, 4.5E-08, 3.3E-07, 6.5E-08, 8.2E-07, 1.6E-07, 1.4E-07, 1.7E-08, 1.2E-06, 1.2E-08, 2.8E-06, 5.8E+01, 1.0E+02, 1.0E+02, 1.0E+02, 1.0E+02, 1.0E+02, 1.0E+02, 1.0E+02, 1.0E+02, 1.0E+02, 1.0E+02, 1.0E+02, 1.2E+02, 1.2E+02, 4.9E-07, 1.3E-07, 3.2E-07, 9.1E-08, 7.5E-07, 9.8E+00, 9.8E+00, 9.8E+00, 9.8E+00, 9.8E+00, 9.8E+00, 1.6E-05, 1.2E+02, 1.2E+02, 1.2E+02, 1.2E+02, 1.2E+02, 1.2E+02, 1.2E+02, 1.2E+02, 1.2E+02, 1.2E+02, 1.2E+02, 1.2E+02, 1.2E+02, 8.7E+01, 9.8E+00, 9.8E+00, 9.8E+00, 9.8E+00, 9.8E+00, 9.8E+00, 9.8E+00, 9.8E+00, 9.8E+00, 9.8E+00, 1.9E-08, 2.0E-08, 2.2E-08, 2.3E-08, 2.5E-08, 2.7E-08, 3.0E-08, 3.2E-08, 3.4E-08, 3.6E-08, 3.8E-08, 4.0E-08, 4.2E-08, 4.4E-08, 4.6E-08, 4.8E-08, 5.0E-08, 5.2E-08, 5.4E-08, 5.7E-08, 6.1E-08, 6.3E-08, 6.6E-08, 6.8E-08, 7.1E-08, 7.3E-08, 7.5E-08, 7.7E-08, 7.9E-08, 8.1E-08, 8.2E-08, 8.4E-08, 1.0E-07, 1.1E-07, 1.1E-07, 1.1E-07, 1.1E-07, 1.1E-07, 1.2E-07, 1.3E-07, 1.2E-07, 1.3E-07, 1.3E-07, 1.4E-07, 1.4E-07, 1.5E-07, 2.0E-07, 2.5E-07, 2.9E-07, 3.1E-07, 2.9E-07, 2.9E-07, 3.4E-07, 4.7E-09, 6.2E-09, 1.3E-08, 7.6E-09, 8.6E-09, 7.7E-07, 2.1E-07, 1.0E+02, 1.0E+02, 1.0E+02, 1.0E+02, 1.0E+02, 1.0E+02, 1.0E+02, 1.0E+02, 1.0E+02, 1.0E+02, 1.0E+02, 1.0E+02, 1.0E+02, 1.0E+02, 1.2E+02, 1.2E+02, 1.2E+02, 1.2E+02, 1.2E+02, 1.2E+02, 1.2E+02, 1.2E+02, 1.2E+02, 1.2E+02, 3.4E-07, 1.2E-07, 9.1E-08, 8.1E-08, 7.5E-08, 7.3E-08, 7.3E-08, 7.5E-08, 7.6E-08, 7.8E-08, 7.9E-08, 8.0E-08, 8.2E-08, 8.3E-08, 8.5E-08, 1.3E-07, 9.5E-08, 1.0E-07, 1.1E-07, 1.2E-07, 1.3E-07, 1.2E-07, 1.2E-07, 1.3E-07, 1.3E-07, 1.4E-07, 1.4E-07, 1.5E-07, 1.7E-07, 2.1E-07, 2.7E-07, 2.6E-07, 4.6E-07, 2.4E-07, 2.9E-07, 2.4E-07, 2.3E-07, 2.3E-07, 2.4E-07, 2.6E-07, 1.3E-07, 1.9E-07, 5.1E-07, 1.2E-06, 1.0E+02, 1.0E+02, 1.2E+02, 1.2E+02, 1.2E+02, 1.2E+02, 1.2E+02, 1.2E+02, 1.2E+02, 1.2E+02, 1.2E+02, 1.2E+02, 1.2E+02, 1.2E+02, 1.2E+02, 1.2E+02, 1.2E+02, 4.0E+01, 9.8E+00, 9.8E+00, 9.8E+00, 9.8E+00, 6.0E-08, 5.5E-08, 5.2E-08, 5.1E-08, 4.0E-08, 4.0E-08, 4.1E-08, 4.1E-08, 4.2E-08, 4.4E-08, 4.4E-08, 4.5E-08, 4.6E-08, 4.7E-08, 4.8E-08, 4.9E-08, 5.0E-08, 5.1E-08, 5.2E-08, 5.4E-08, 5.6E-08, 5.8E-08, 6.0E-08, 6.2E-08, 6.3E-08, 6.5E-08, 6.6E-08, 6.8E-08, 7.0E-08, 7.1E-08, 7.3E-08, 9.4E-08, 9.7E-08, 9.9E-08, 1.0E-07, 1.0E-07, 1.0E-07, 1.1E-07, 1.1E-07, 1.1E-07, 1.1E-07, 1.1E-07, 1.1E-07, 1.5E-07, 1.1E-07, 1.2E-07, 1.2E-07, 1.2E-07, 1.2E-07, 1.2E-07, 1.2E-07, 1.2E-07, 1.2E-07, 1.3E-07, 1.4E-07, 1.6E-07, 1.7E-07, 1.9E-07, 2.1E-07, 2.4E-07, 2.6E-07, 2.6E-07, 2.4E-07, 2.7E-07, 3.1E-07, 3.5E-07, 4.2E-07, 5.2E-07, 9.8E-09, 1.2E-08, 1.9E-08, 6.4E-08, 2.7E-07, 2.4E-07, 1.9E-07, 1.6E-07, 4.2E-07, 2.6E-07, 1.9E-07, 1.9E-07, 2.7E-07, 7.2E-07, 2.2E-07, 8.7E-07, 2.3E-07, 1.1E-06, 1.2E+02, 1.2E+02, 1.2E+02, 1.2E+02, 1.2E+02, 1.2E+02, 1.2E+02, 1.2E+02, 1.2E+02, 1.2E+02, 1.2E+02, 5.0E+01, 5.1E-08, 7.9E-08, 3.0E-07, 2.0E-08, 1.9E-07, 2.0E-07, 3.0E-08, 1.9E-07, 4.5E-08, 5.3E-09, 1.8E-08, 5.6E-07, 2.2E-06, 9.8E+00, 9.8E+00, 1.2E+02, 1.2E+02, 1.2E+02, 1.2E+02, 1.2E+02, 1.2E+02, 1.2E+02, 1.2E+02, 1.2E+02, 1.2E+02, 1.2E+02, 1.2E+02, 1.2E+02, 1.2E+02, 1.2E+02, 1.2E+02, 1.2E+02, 1.2E+02, 1.2E+02, 9.8E+00, 6.4E-08, 4.1E-08, 3.2E-08, 2.7E-08, 2.4E-08, 2.2E-08, 2.1E-08, 2.0E-08, 1.9E-08, 1.9E-08, 1.9E-08, 2.0E-08, 2.0E-08, 2.2E-08, 2.5E-08, 2.9E-08, 3.3E-08, 3.0E-08, 3.3E-08, 3.6E-08, 3.8E-08, 4.0E-08, 4.3E-08, 4.4E-08, 4.6E-08, 4.8E-08, 4.9E-08, 5.1E-08, 5.4E-08, 5.8E-08, 6.2E-08, 8.8E-08, 7.7E-08, 7.2E-08, 7.3E-08, 7.5E-08, 7.7E-08, 8.4E-08, 8.0E-08, 8.2E-08, 8.9E-08, 1.0E-07, 1.1E-07, 9.4E-08, 9.6E-08, 9.7E-08, 1.2E-07, 1.6E-07, 1.2E-07, 1.3E-07, 1.3E-07, 1.3E-07, 1.5E-07, 1.8E-07, 1.9E-07, 1.9E-07, 1.8E-07, 1.5E-07, 1.2E-07, 1.3E-07, 1.4E-07, 2.2E-07, 3.3E-07, 9.9E-08, 8.5E-07, 1.0E+02, 1.0E+02, 1.0E+02, 1.0E+02, 1.0E+02, 1.0E+02, 1.0E+02, 1.0E+02, 1.0E+02, 1.0E+02, 1.0E+02, 1.0E+02, 1.0E+02, 1.2E+02, 1.2E+02, 1.2E+02, 1.2E+02, 1.2E+02, 1.2E+02, 1.2E+02, 1.2E+02, 1.2E+02, 1.2E+02, 1.2E+02, 1.2E+02, 1.2E+02, 5.4E-05, 9.8E-06, 3.8E-06, 1.1E-07, 1.2E-07, 1.2E-07, 1.2E-07, 1.2E-07, 1.3E-07, 1.3E-07, 1.3E-07, 1.3E-07, 1.3E-07, 1.3E-07, 1.3E-07, 1.4E-07, 1.4E-07, 1.4E-07, 1.2E-07, 2.0E-06, 7.9E-07, 2.9E-07, 2.8E-07, 2.7E-07, 2.6E-07, 2.2E-07, 1.6E-07, 6.1E-07, 4.0E-07, 1.6E-06, 2.6E-05, 1.7E-04, 9.8E+00, 9.8E+00, 9.8E+00, 9.8E+00, 9.8E+00, 9.8E+00, 9.8E+00, 1.2E+02, 1.2E+02, 1.0E+02, 1.0E+02, 1.0E+02, 1.0E+02, 1.0E+02, 1.0E+02, 1.0E+02, 1.0E+02, 1.0E+02, 1.0E+02, 1.0E+02, 1.0E+02, 1.0E+02, 1.0E+02, 1.0E+02, 1.0E+02, 1.0E+02, 1.0E+02, 1.2E+02, 9.8E+00, 9.8E+00, 9.8E+00, 9.8E+00, 9.6E-08, 8.3E-08, 7.4E-08, 7.2E-08, 6.9E-08, 6.7E-08, 7.8E-08, 6.6E-08, 6.5E-08, 8.1E-08, 2.1E-07, 2.2E-07, 2.2E-07, 6.1E-07, 1.3E-06, 1.1E-07, 1.4E-07, 1.5E-07, 1.5E-07, 1.6E-07, 1.7E-07, 1.7E-07, 1.8E-07, 1.8E-07, 1.9E-07, 1.9E-07, 1.9E-07, 1.9E-07, 1.9E-07, 2.0E-07, 2.0E-07, 1.9E-07, 2.2E-07, 2.1E-07, 1.5E-07, 9.1E-07, 4.1E-07, 4.1E-07, 3.6E-07, 3.4E-07, 2.9E-07, 2.0E-07, 2.2E-07, 2.4E-07, 2.0E-07, 2.1E-07, 2.2E-07, 2.3E-07, 2.4E-07, 2.7E-07, 2.8E-07, 2.6E-07, 2.7E-07, 2.8E-07, 2.9E-07, 2.9E-07, 3.0E-07, 3.2E-07, 3.4E-07, 3.6E-07, 3.9E-07, 4.1E-07, 4.1E-07, 4.4E-07, 4.9E-07, 5.3E-07, 6.2E-07, 1.6E-07, 1.6E-07, 1.7E-07, 1.8E-07, 1.9E-07, 2.3E-07, 4.6E-07, 2.1E-07, 4.3E-07, 2.5E-07, 2.7E-07, 1.1E-06, 3.4E-07, 2.5E-07, 3.5E-07, 5.2E-07, 3.9E-07, 5.5E-07, 2.4E-06, 2.9E-06, 1.2E+02, 1.2E+02, 1.2E+02, 1.2E+02, 1.2E+02, 1.2E+02, 1.2E+02, 1.2E+02, 1.2E+02, 1.2E+02, 1.2E+02, 1.6E+01, 1.8E-07, 1.3E-07, 2.0E-08, 1.9E-08, 2.2E-08, 2.2E-08, 2.2E-08, 4.2E-08, 9.1E-08, 2.2E-07, 8.2E-09, 2.4E-08, 2.4E-08, 1.3E-06, 6.8E-08, 4.6E-08, 9.8E+00, 9.8E+00, 9.8E+00, 9.8E+00, 9.8E+00, 9.8E+00, 9.8E+00, 7.4E-08, 4.4E-07, 1.0E+02, 1.0E+02, 1.0E+02, 1.0E+02, 1.0E+02, 1.0E+02, 1.0E+02, 1.0E+02, 1.0E+02, 1.0E+02, 1.0E+02, 1.0E+02, 1.0E+02, 1.0E+02, 1.0E+02, 1.0E+02, 1.0E+02, 1.0E+02, 1.0E+02, 1.0E+02, 1.0E+02, 1.0E+02, 1.0E+02, 4.4E-07, 1.3E-07, 8.2E-08, 5.7E-08, 5.3E-08, 5.1E-08, 5.1E-08, 5.0E-08, 5.0E-08, 5.1E-08, 5.2E-08, 5.4E-08, 5.5E-08, 5.7E-08, 5.9E-08, 7.0E-08, 8.4E-08, 9.7E-08, 1.1E-07, 1.1E-07, 1.2E-07, 1.2E-07, 1.3E-07, 1.3E-07, 9.7E-08, 9.8E-08, 9.9E-08, 9.9E-08, 9.9E-08, 9.8E-08, 9.8E-08, 1.0E-07, 1.0E-07, 1.0E-07, 1.0E-07, 1.0E-07, 1.0E-07, 1.0E-07, 1.1E-07, 1.1E-07, 1.1E-07, 1.2E-07, 1.3E-07, 1.4E-07, 2.1E-07, 1.7E-08, 1.6E-07, 1.0E+02, 1.0E+02, 1.0E+02, 1.0E+02, 1.0E+02, 1.0E+02, 1.0E+02, 1.0E+02, 1.0E+02, 1.0E+02, 1.0E+02, 1.0E+02, 1.0E+02, 1.0E+02, 1.0E+02, 1.0E+02, 1.0E+02, 1.0E+02, 1.0E+02, 1.0E+02, 1.0E+02, 1.0E+02, 1.0E+02, 7.7E+01, 9.8E+00, 9.8E+00, 9.8E+00, 9.8E+00, 9.8E+00, 9.8E+00, 8.4E-08, 8.4E-08, 8.1E-08, 8.3E-08, 8.9E-08, 9.6E-08, 1.2E-07, 1.4E-07, 1.4E-07, 1.4E-07, 1.2E-07, 9.3E-08, 7.9E-08, 1.3E-07, 2.5E-07, 2.8E-07, 2.4E-07, 2.4E-07, 4.6E-07, 1.4E-06, 9.8E-08, 1.3E-07, 1.5E-07, 1.6E-07, 1.7E-07, 1.8E-07, 1.8E-07, 1.7E-07, 1.6E-07, 1.4E-07, 2.1E-06, 1.1E-06, 3.9E-07, 3.4E-07, 3.2E-07, 3.2E-07, 3.1E-07, 2.4E-07, 2.7E-07, 1.4E-07, 1.2E-07, 1.6E-07, 1.2E-07, 1.2E-07, 1.3E-07, 1.3E-07, 9.0E-09, 9.3E-08, 3.1E-07, 1.0E+02, 1.0E+02, 1.0E+02, 1.0E+02, 1.0E+02, 1.0E+02, 1.0E+02, 1.0E+02, 1.0E+02, 1.0E+02, 1.0E+02, 1.0E+02, 1.2E+02, 1.2E+02, 1.2E+02, 1.2E+02, 1.2E+02, 1.2E+02, 1.2E+02, 1.2E+02, 1.2E+02, 1.5E+01, 3.6E-07, 2.0E-07, 1.6E-07, 1.4E-07, 1.3E-07, 1.3E-07, 1.3E-07, 1.2E-07, 1.2E-07, 1.3E-07, 1.3E-07, 1.3E-07, 1.4E-07, 1.4E-07, 1.4E-07, 1.5E-07, 1.5E-07, 1.6E-07, 1.6E-07, 1.6E-07, 1.7E-07, 1.8E-07, 1.8E-07, 1.9E-07, 2.0E-07, 2.1E-07, 2.1E-07, 2.2E-07, 2.2E-07, 2.3E-07, 2.3E-07, 2.4E-07, 2.4E-07, 2.5E-07, 7.1E-08, 9.3E-08, 9.5E-08, 9.8E-08, 1.0E-07, 1.0E-07, 1.0E-07, 1.1E-07, 1.1E-07, 1.1E-07, 1.1E-07, 1.1E-07, 1.1E-07, 1.4E-07, 1.1E-07, 1.1E-07, 1.2E-07, 1.2E-07, 1.2E-07, 1.2E-07, 1.2E-07, 1.2E-07, 1.2E-07, 1.2E-07, 1.3E-07, 1.4E-07, 1.6E-07, 1.7E-07, 1.9E-07, 2.2E-07, 2.5E-07, 2.6E-07, 2.5E-07, 2.6E-07, 2.9E-07, 3.3E-07, 3.8E-07, 4.7E-07, 7.5E-09, 1.3E-08, 3.7E-07, 4.4E-07, 5.7E-07, 6.8E-07, 8.2E-09, 9.5E-09, 2.2E-08, 5.0E-07, 4.6E-11, 6.0E-09, 8.8E-09, 2.4E-07, 2.8E-07, 3.3E-08, 2.5E-09, 1.9E-07, 1.0E+02, 1.0E+02, 1.0E+02, 1.0E+02, 1.0E+02, 1.0E+02, 1.0E+02, 1.0E+02, 1.0E+02, 1.0E+02, 1.0E+02, 1.2E+02, 1.2E+02, 9.8E+00, 9.8E+00, 9.8E+00, 9.8E+00, 9.8E+00, 9.8E+00, 9.8E+00, 9.8E+00, 9.8E+00, 9.8E+00, 9.8E+00, 9.8E+00, 9.8E+00, 9.8E+00, 6.1E-08, 6.1E-08, 2.5E-08, 1.0E+02, 1.0E+02, 1.0E+02, 1.0E+02, 1.0E+02, 1.0E+02, 1.0E+02, 1.0E+02, 1.0E+02, 1.0E+02, 1.0E+02, 1.0E+02, 1.0E+02, 1.0E+02, 1.0E+02, 1.0E+02, 1.0E+02, 1.0E+02, 1.2E+02, 1.2E+02, 7.1E+01, 1.8E-07, 8.9E-08, 7.4E-08, 6.8E-08, 6.1E-08, 6.1E-08, 6.2E-08, 6.3E-08, 6.6E-08, 6.9E-08, 8.2E-08, 9.4E-08, 1.1E-07, 1.4E-07, 1.9E-07, 2.3E-07, 2.5E-07, 2.7E-07, 2.6E-07, 2.5E-07, 9.8E+00, 9.8E+00, 9.8E+00, 8.5E-07, 3.7E-07, 3.1E-07, 3.6E-07, 3.3E-07, 3.7E-07, 4.2E-07, 3.8E-07, 4.0E-07, 4.2E-07, 4.6E-07, 4.3E+00, 9.8E+00, 9.8E+00, 9.8E+00, 9.8E+00, 5.8E-06, 3.4E-07, 1.2E+02, 1.2E+02, 1.0E+02, 1.0E+02, 1.0E+02, 1.0E+02, 1.0E+02, 1.2E+02, 1.2E+02, 1.2E+02, 1.2E+02, 1.2E+02, 1.2E+02, 1.0E+02, 1.0E+02, 1.0E+02, 1.0E+02, 1.0E+02, 3.1E-07, 1.4E-07, 9.4E-08, 7.5E-08, 6.4E-08, 5.8E-08, 5.4E-08, 5.2E-08, 5.0E-08, 4.9E-08, 4.9E-08, 4.9E-08, 4.9E-08, 4.9E-08, 4.9E-08, 5.0E-08, 5.1E-08, 5.2E-08, 5.3E-08, 5.4E-08, 5.7E-08, 6.0E-08, 6.3E-08, 6.7E-08, 7.0E-08, 7.3E-08, 7.6E-08, 9.8E-08, 1.1E-07, 1.1E-07, 3.0E-07, 9.0E-08, 9.1E-08, 9.2E-08, 9.2E-08, 9.0E-08, 1.1E-07, 1.1E-07, 1.1E-07, 1.1E-07, 1.1E-07, 1.1E-07, 1.2E-07, 1.2E-07, 1.3E-07, 1.7E-07, 1.3E-07, 1.3E-07, 1.4E-07, 1.5E-07, 1.5E-07, 1.6E-07, 2.1E-07, 2.6E-07, 3.0E-07, 3.2E-07, 2.8E-07, 3.2E-07, 3.9E-09, 5.4E-09, 9.6E-09, 1.9E-07, 3.8E-07, 2.3E-07, 2.3E-07, 2.6E-07, 8.0E+01, 1.2E+02, 1.2E+02, 1.2E+02, 1.2E+02, 1.2E+02, 1.2E+02, 1.2E+02, 1.2E+02, 1.2E+02, 1.2E+02, 1.2E+02, 1.2E+02, 1.2E+02, 1.2E+02, 1.2E+02, 1.2E+02, 1.2E+02, 1.2E+02, 1.2E+02, 1.2E+02, 1.2E+02, 1.2E+02, 1.2E+02, 1.2E+02, 9.8E+00, 4.5E-05, 4.4E-05, 3.7E-05, 5.0E-05, 4.5E-06, 2.0E-05, 9.8E-07, 1.7E-06, 1.6E-06, 4.1E-06, 1.1E-06, 5.5E-07, 2.5E-07, 4.8E-07, 2.6E-07, 9.8E+00, 9.8E+00, 9.8E+00, 9.8E+00, 9.8E+00, 9.8E+00, 9.8E+00, 9.8E+00, 9.8E+00, 9.8E+00, 9.8E+00, 2.6E-07, 4.7E-08, 4.9E-08, 5.0E-08, 5.2E-08, 5.3E-08, 5.6E-08, 5.8E-08, 6.0E-08, 6.2E-08, 6.4E-08, 6.6E-08, 6.8E-08, 7.0E-08, 7.1E-08, 7.3E-08, 7.5E-08, 9.7E-08, 9.9E-08, 1.0E-07, 1.0E-07, 1.0E-07, 1.1E-07, 1.1E-07, 1.1E-07, 1.1E-07, 1.4E-07, 1.4E-07, 1.1E-07, 1.2E-07, 1.2E-07, 1.2E-07, 2.3E-07, 2.3E-07, 2.5E-07, 2.6E-07, 2.7E-07, 2.7E-07, 3.0E-07, 3.2E-07, 3.0E-07, 3.2E-07, 3.4E-07, 3.7E-07, 3.7E-07, 3.8E-07, 4.2E-07, 4.7E-07, 5.3E-07, 6.4E-07, 1.4E-07, 1.4E-07, 1.4E-07, 1.5E-07, 1.6E-07, 2.5E-07, 7.2E-07, 1.9E-07, 4.7E-07, 5.2E-07, 2.1E-06, 3.8E-07, 1.8E-07, 4.2E-07, 4.6E-07, 1.3E-06, 4.8E-07, 1.9E-07, 5.0E-07, 3.6E-06, 1.2E+02, 1.2E+02, 1.2E+02, 1.2E+02, 1.2E+02, 1.2E+02, 1.2E+02, 1.2E+02, 1.2E+02, 1.2E+02, 1.2E+02, 1.2E+02, 1.2E+02, 1.9E-06, 1.1E-06, 9.8E-07, 9.8E+00, 9.8E+00, 9.8E+00, 9.8E+00, 1.2E+02, 1.2E+02, 1.2E+02, 1.2E+02, 1.2E+02, 1.2E+02, 1.2E+02, 1.2E+02, 1.2E+02, 1.2E+02, 1.2E+02, 1.2E+02, 1.0E+02, 1.0E+02, 1.0E+02, 1.0E+02, 6.7E+01, 8.5E-08, 4.7E-08, 3.5E-08, 2.9E-08, 2.7E-08, 2.3E-08, 2.2E-08, 2.1E-08, 2.0E-08, 2.0E-08, 2.0E-08, 2.1E-08, 2.2E-08, 2.3E-08, 2.5E-08, 3.1E-08, 3.7E-08, 4.3E-08, 4.9E-08, 5.3E-08, 5.8E-08, 6.2E-08, 5.4E-08, 5.7E-08, 5.9E-08, 6.2E-08, 6.5E-08, 6.9E-08, 7.2E-08, 7.4E-08, 7.6E-08, 7.8E-08, 8.0E-08, 8.2E-08, 8.3E-08, 8.5E-08, 8.7E-08, 8.9E-08, 9.0E-08, 9.2E-08, 9.3E-08, 9.4E-08, 9.6E-08, 9.7E-08, 5.1E-09, 6.4E-09, 1.6E-09, 3.3E-06, 1.0E+02, 1.0E+02, 1.0E+02, 1.0E+02, 1.0E+02, 1.0E+02, 1.0E+02, 1.0E+02, 1.0E+02, 1.2E+02, 1.2E+02, 1.2E+02, 1.2E+02, 1.2E+02, 1.2E+02, 1.2E+02, 1.2E+02, 1.2E+02, 7.6E+01, 9.8E+00, 9.8E+00, 9.8E+00, 9.8E+00, 9.8E+00, 9.8E+00, 9.8E+00, 4.2E-08, 4.2E-08, 4.3E-08, 4.5E-08, 4.7E-08, 4.9E-08, 5.2E-08, 5.3E-08, 5.6E-08, 5.8E-08, 6.0E-08, 6.1E-08, 6.3E-08, 6.5E-08, 6.7E-08, 6.9E-08, 7.2E-08, 7.4E-08, 7.5E-08, 7.7E-08, 7.8E-08, 8.0E-08, 8.1E-08, 8.2E-08, 8.4E-08, 8.5E-08, 8.7E-08, 8.8E-08, 9.0E-08, 9.3E-08, 9.4E-08, 9.5E-08, 1.1E-07, 1.1E-07, 1.1E-07, 1.1E-07, 1.1E-07, 1.1E-07, 1.2E-07, 1.3E-07, 1.2E-07, 1.2E-07, 1.3E-07, 1.3E-07, 1.4E-07, 1.6E-07, 1.8E-07, 1.9E-07, 1.8E-07, 1.6E-07, 1.3E-07, 1.2E-07, 1.2E-07, 1.3E-07, 3.0E-07, 6.7E-09, 5.7E-08, 1.6E-07, 1.0E+02, 1.0E+02, 1.0E+02, 1.0E+02, 1.0E+02, 1.0E+02, 1.0E+02, 1.0E+02, 1.0E+02, 1.0E+02, 1.0E+02, 1.0E+02, 1.2E+02, 1.2E+02, 1.2E+02, 1.2E+02, 1.2E+02, 1.2E+02, 1.2E+02, 1.2E+02, 1.2E+02, 1.2E+02, 1.2E+02, 1.2E+02, 1.2E+02, 1.2E+02, 9.8E-06, 4.3E-06, 1.4E-06, 1.3E-06, 1.2E-06, 8.8E-07, 7.0E-07, 5.2E-07, 3.4E-07, 2.0E-05, 1.1E-05, 6.4E-06, 5.5E-06, 4.6E-06, 5.3E-06, 3.0E-06, 1.9E-06, 3.1E-07, 2.0E-07, 1.6E-07, 1.6E-07, 1.5E-07, 1.1E-06, 3.5E-07, 3.5E-07, 2.9E-07, 2.6E-07, 1.7E-07, 1.3E-07, 1.4E-07, 1.5E-07, 1.6E-07, 1.7E-07, 2.1E-07, 2.2E-07, 1.9E-07, 2.0E-07, 2.0E-07, 2.1E-07, 2.1E-07, 2.4E-07, 2.4E-07, 2.5E-07, 2.5E-07, 2.5E-07, 2.5E-07, 2.5E-07, 2.6E-07, 2.6E-07, 2.9E-07, 2.5E-07, 2.6E-07, 2.6E-07, 2.7E-07, 3.1E-07, 3.2E-07, 3.3E-07, 4.0E-07, 4.1E-07, 3.7E-07, 3.1E-07, 3.1E-07, 3.2E-07, 3.3E-07, 3.6E-07, 3.8E-07, 4.2E-07, 4.4E-07, 5.1E-07, 5.3E-07, 5.2E-07, 5.7E-07, 6.2E-07, 7.1E-07, 2.2E-07, 2.2E-07, 2.2E-07, 6.7E-07, 5.0E-07, 8.1E-08, 3.7E-07, 3.2E-08, 2.7E-07, 8.6E-08, 1.5E-07, 5.0E-07, 6.1E-07, 2.6E-07, 4.7E-07, 4.3E-07, 5.7E-07, 7.2E-08, 6.2E-07, 1.2E+02, 1.2E+02, 1.2E+02, 1.2E+02, 1.2E+02, 1.2E+02, 1.2E+02, 1.2E+02, 1.2E+02, 1.2E+02, 1.2E+02, 1.2E+02, 1.2E+02, 1.2E+02, 1.2E+02, 1.2E+02, 1.2E+02, 1.2E+02, 1.2E+02, 1.2E+02, 1.2E+02, 1.2E+02, 1.2E+02, 1.2E+02, 1.2E+02, 9.8E+00, 9.8E+00, 9.8E+00, 9.8E+00, 1.3E-06, 2.1E-08, 1.7E-08, 2.0E-08, 2.0E-08, 2.1E-08, 2.1E-08, 2.1E-08, 2.0E-08, 2.1E-08, 2.2E-08, 2.3E-08, 2.5E-08, 2.5E-08, 2.7E-08, 2.8E-08, 3.6E-08, 4.4E-08, 5.1E-08, 5.6E-08, 5.9E-08, 6.2E-08, 5.4E-08, 5.5E-08, 5.6E-08, 5.8E-08, 6.4E-08, 7.0E-08, 7.7E-08, 8.4E-08, 9.2E-08, 1.3E-09, 1.5E-09, 1.7E-09, 2.0E-09, 2.6E-09, 4.1E-09, 3.5E-09, 8.1E-09, 8.5E-09, 1.8E-08, 2.5E-08

Carbohydrate Events (87 total):
  - Week 1 Day 1 07:23: 116.0g (breakfast)
  - Week 1 Day 1 10:40: 17.3g (morning_snack)
  - Week 1 Day 1 13:50: 93.7g (lunch)
  - Week 1 Day 1 15:32: 13.7g (afternoon_snack)
  - Week 1 Day 1 19:44: 102.2g (dinner)
  - Week 1 Day 2 07:35: 96.6g (breakfast)
  - Week 1 Day 2 09:06: 17.9g (morning_snack)
  - Week 1 Day 2 13:07: 94.9g (lunch)
  - Week 1 Day 2 16:35: 17.8g (afternoon_snack)
  - Week 1 Day 2 19:38: 103.8g (dinner)
  - Week 1 Day 3 07:35: 94.9g (breakfast)
  - Week 1 Day 3 10:12: 10.0g (morning_snack)
  - Week 1 Day 3 12:03: 97.8g (lunch)
  - Week 1 Day 3 16:43: 16.1g (afternoon_snack)
  - Week 1 Day 3 18:47: 107.9g (dinner)
  - Week 1 Day 4 07:55: 109.1g (breakfast)
  - Week 1 Day 4 09:07: 17.8g (morning_snack)
  - Week 1 Day 4 12:02: 111.9g (lunch)
  - Week 1 Day 4 15:02: 14.1g (afternoon_snack)
  - Week 1 Day 4 19:28: 81.2g (dinner)
  - Week 1 Day 5 06:53: 99.0g (breakfast)
  - Week 1 Day 5 10:33: 18.4g (morning_snack)
  - Week 1 Day 5 13:36: 101.4g (lunch)
  - Week 1 Day 5 15:26: 19.6g (afternoon_snack)
  - Week 1 Day 5 19:07: 94.9g (dinner)
  - Week 1 Day 6 07:44: 116.8g (breakfast)
  - Week 1 Day 6 10:55: 11.1g (morning_snack)
  - Week 1 Day 6 13:01: 90.5g (lunch)
  - Week 1 Day 6 15:07: 16.1g (afternoon_snack)
  - Week 1 Day 6 18:24: 111.9g (dinner)
  - Week 1 Day 7 07:17: 118.8g (breakfast)
  - Week 1 Day 7 10:44: 15.8g (morning_snack)
  - Week 1 Day 7 13:36: 86.1g (lunch)
  - Week 1 Day 7 16:41: 18.1g (afternoon_snack)
  - Week 1 Day 7 19:04: 90.9g (dinner)
  - Week 2 Day 1 07:17: 105.5g (breakfast)
  - Week 2 Day 1 09:43: 11.0g (morning_snack)
  - Week 2 Day 1 12:21: 101.0g (lunch)
  - Week 2 Day 1 15:54: 13.1g (afternoon_snack)
  - Week 2 Day 1 18:59: 94.1g (dinner)
  - Week 2 Day 2 06:19: 81.2g (breakfast)
  - Week 2 Day 2 09:06: 12.1g (morning_snack)
  - Week 2 Day 2 13:51: 109.9g (lunch)
  - Week 2 Day 2 15:14: 17.2g (afternoon_snack)
  - Week 2 Day 2 18:32: 105.1g (dinner)
  - Week 2 Day 3 07:45: 86.5g (breakfast)
  - Week 2 Day 3 09:14: 10.1g (morning_snack)
  - Week 2 Day 3 12:20: 84.0g (lunch)
  - Week 2 Day 3 16:12: 12.7g (afternoon_snack)
  - Week 2 Day 3 19:36: 89.7g (dinner)
  - Week 2 Day 4 07:28: 81.6g (breakfast)
  - Week 2 Day 4 10:49: 18.2g (morning_snack)
  - Week 2 Day 4 13:52: 89.7g (lunch)
  - Week 2 Day 4 16:16: 14.1g (afternoon_snack)
  - Week 2 Day 4 19:46: 99.0g (dinner)
  - Week 2 Day 5 07:13: 80.0g (breakfast)
  - Week 2 Day 5 09:08: 12.9g (morning_snack)
  - Week 2 Day 5 13:27: 114.7g (lunch)
  - Week 2 Day 5 16:33: 12.2g (afternoon_snack)
  - Week 2 Day 5 18:36: 118.0g (dinner)
  - Week 2 Day 6 06:33: 82.4g (breakfast)
  - Week 2 Day 6 09:15: 13.4g (morning_snack)
  - Week 2 Day 6 13:29: 80.4g (lunch)
  - Week 2 Day 6 16:16: 10.8g (afternoon_snack)
  - Week 2 Day 6 18:58: 92.1g (dinner)
  - Week 2 Day 7 06:30: 118.8g (breakfast)
  - Week 2 Day 7 10:15: 11.7g (morning_snack)
  - Week 2 Day 7 13:28: 110.3g (lunch)
  - Week 2 Day 7 16:27: 17.8g (afternoon_snack)
  - Week 2 Day 7 18:48: 113.5g (dinner)
  - Week 3 Day 1 07:22: 117.6g (breakfast)
  - Week 3 Day 1 09:04: 16.1g (morning_snack)
  - Week 3 Day 1 13:09: 97.4g (lunch)
  - Week 3 Day 1 15:13: 18.7g (afternoon_snack)
  - Week 3 Day 1 19:33: 82.4g (dinner)
  - Week 3 Day 2 07:38: 114.3g (breakfast)
  - Week 3 Day 2 09:56: 15.5g (morning_snack)
  - Week 3 Day 2 12:38: 85.7g (lunch)
  - Week 3 Day 2 15:53: 12.0g (afternoon_snack)
  - Week 3 Day 2 19:51: 114.7g (dinner)
  - Week 3 Day 3 07:35: 107.9g (breakfast)
  - Week 3 Day 3 09:44: 11.7g (morning_snack)
  - Week 3 Day 3 12:47: 81.6g (lunch)
  - Week 3 Day 3 15:08: 13.6g (afternoon_snack)
  - Week 3 Day 3 19:58: 107.9g (dinner)
  - Week 3 Day 4 06:01: 98.2g (breakfast)
  - Week 3 Day 4 10:27: 18.6g (morning_snack)

Running Events (18 total):
 - Week 1 Day 1 06:22: Running avg speed 5.0 mph for 30 min
 - Week 1 Day 2 06:22: Running avg speed 5.0 mph for 30 min
 - Week 1 Day 3 06:22: Running avg speed 5.0 mph for 30 min
 - Week 1 Day 4 06:22: Running avg speed 5.0 mph for 30 min
 - Week 1 Day 5 06:22: Running avg speed 5.0 mph for 30 min
 - Week 1 Day 6 06:22: Running avg speed 5.0 mph for 30 min
 - Week 1 Day 7 06:22: Running avg speed 5.0 mph for 30 min
 - Week 2 Day 1 06:22: Running avg speed 5.0 mph for 30 min
 - Week 2 Day 2 06:22: Running avg speed 5.0 mph for 30 min
 - Week 2 Day 3 06:22: Running avg speed 5.0 mph for 30 min
 - Week 2 Day 4 06:22: Running avg speed 5.0 mph for 30 min
 - Week 2 Day 5 06:22: Running avg speed 5.0 mph for 30 min
 - Week 2 Day 6 06:22: Running avg speed 5.0 mph for 30 min
 - Week 2 Day 7 06:22: Running avg speed 5.0 mph for 30 min
 - Week 3 Day 1 06:22: Running avg speed 5.0 mph for 30 min
 - Week 3 Day 2 06:22: Running avg speed 5.0 mph for 30 min
 - Week 3 Day 3 06:22: Running avg speed 5.0 mph for 30 min
 - Week 3 Day 4 06:22: Running avg speed 5.0 mph for 30 min

Cycling Events (17 total):
  - Week 1 Day 1 17:52: Cycling avg power 90.0 for 20 min
  - Week 1 Day 2 16:04: Cycling avg power 90.0 for 20 min
  - Week 1 Day 3 16:36: Cycling avg power 90.0 for 20 min
  - Week 1 Day 4 16:06: Cycling avg power 90.0 for 20 min
  - Week 1 Day 5 16:01: Cycling avg power 90.0 for 20 min
  - Week 1 Day 6 17:11: Cycling avg power 90.0 for 20 min
  - Week 1 Day 7 16:35: Cycling avg power 90.0 for 20 min
  - Week 2 Day 1 17:50: Cycling avg power 90.0 for 20 min
  - Week 2 Day 2 17:43: Cycling avg power 90.0 for 20 min
  - Week 2 Day 3 16:46: Cycling avg power 90.0 for 20 min
  - Week 2 Day 4 17:36: Cycling avg power 90.0 for 20 min
  - Week 2 Day 5 17:13: Cycling avg power 90.0 for 20 min
  - Week 2 Day 6 17:16: Cycling avg power 90.0 for 20 min
  - Week 2 Day 7 16:55: Cycling avg power 90.0 for 20 min
  - Week 3 Day 1 16:14: Cycling avg power 90.0 for 20 min
  - Week 3 Day 2 16:56: Cycling avg power 90.0 for 20 min
  - Week 3 Day 3 17:41: Cycling avg power 90.0 for 20 min



Question: Will I experience a sudden glucose swing of more than 60 mg/dL in the next 4 hours?

Instructions: Predict if the blood glucose might go up by more than 60 mg/dL or go down by more than 60 mg/dL in the next 4 hours from the current value.

Expected Answer Type: string

Example Answer: No

Please analyze the data carefully and provide your answer as a **json object** in the exact format specified by the answer type. Be precise and base your response only on the data provided.

Conclude your analysis with: 
```json 
{"answer": your answer here}
```