You are a medical AI assistant analyzing diabetes management data. Based on the patient's health data, answer the following question accurately.

PATIENT DATA OVERVIEW:
This data represents a continuous glucose monitoring (CGM) session for a diabetes patient. The data includes:
- Blood glucose readings taken every 5 minutes, begining at Week 1, Day 1, 00:00 (normal range: 70-180 mg/dL)
- Carbohydrate intake events with timing and amounts
- Insulin delivery events (basal background insulin and bolus meal insulin)
- Physical activity events (running/cycling with duration and intensity)

The data may contain various artifacts, sensor issues, or abnormal patterns that need to be identified and analyzed.

Patient Health Data:

Blood Glucose Readings (mg/dL, every 5 minutes): 3824 readings
  Values: 108.0, 108.0, 108.0, 108.0, 108.0, 108.0, 108.0, 108.0, 108.0, 108.1, 108.1, 108.2, 108.4, 108.5, 108.7, 108.9, 109.1, 109.3, 109.5, 109.6, 109.8, 109.9, 110.0, 110.1, 110.1, 110.2, 110.2, 110.2, 110.2, 110.2, 110.2, 110.2, 110.2, 110.2, 110.1, 110.1, 110.1, 110.1, 110.1, 110.1, 110.1, 110.1, 110.1, 110.1, 110.1, 110.0, 110.0, 110.0, 110.0, 110.0, 110.0, 110.1, 110.1, 110.1, 110.1, 110.1, 110.1, 110.1, 110.1, 110.1, 110.1, 110.1, 110.1, 110.1, 110.1, 110.1, 110.1, 110.1, 110.1, 110.1, 110.1, 110.1, 110.1, 110.1, 110.1, 110.1, 110.1, 110.1, 107.9, 97.0, 80.9, 64.2, 51.1, 41.7, 36.0, 36.2, 41.9, 49.1, 55.9, 61.4, 65.7, 68.9, 71.7, 74.2, 76.6, 78.7, 80.7, 82.2, 83.7, 85.4, 87.7, 91.0, 95.5, 101.4, 108.8, 117.8, 128.2, 139.6, 151.6, 163.9, 176.0, 187.7, 198.9, 209.3, 218.7, 227.1, 234.5, 240.6, 245.6, 249.3, 252.2, 254.8, 257.0, 258.7, 259.6, 259.6, 258.6, 256.6, 253.8, 250.2, 245.9, 241.1, 236.0, 230.5, 224.8, 219.0, 213.2, 207.3, 201.4, 195.7, 190.0, 184.5, 179.2, 174.0, 169.0, 164.1, 159.5, 155.0, 150.7, 146.5, 142.5, 138.7, 135.0, 131.5, 128.5, 126.0, 124.1, 123.0, 122.6, 123.0, 124.1, 126.0, 128.6, 131.8, 135.3, 139.0, 142.6, 146.0, 149.2, 152.0, 154.3, 156.2, 157.6, 158.6, 159.0, 158.9, 158.4, 157.5, 156.2, 154.6, 152.6, 150.4, 148.0, 145.4, 142.6, 139.7, 136.7, 133.6, 130.5, 127.4, 124.3, 121.3, 118.2, 115.2, 112.3, 109.4, 106.7, 104.4, 102.9, 102.2, 102.0, 102.0, 102.1, 102.0, 101.9, 101.6, 101.1, 100.5, 99.7, 98.9, 97.9, 96.9, 95.9, 94.9, 93.9, 92.9, 91.4, 86.2, 79.5, 72.6, 66.6, 64.4, 64.5, 65.6, 67.1, 68.7, 70.1, 71.3, 72.5, 73.8, 75.5, 77.8, 80.8, 84.7, 89.5, 95.2, 101.9, 109.2, 116.9, 124.9, 132.9, 140.9, 148.7, 156.1, 163.0, 169.5, 175.3, 180.5, 185.0, 188.7, 191.7, 194.0, 195.4, 196.2, 196.1, 195.4, 194.0, 192.0, 189.4, 186.4, 183.0, 179.3, 175.4, 171.3, 167.1, 162.8, 158.4, 153.9, 149.5, 145.1, 140.8, 136.5, 132.3, 128.3, 124.3, 120.5, 116.7, 113.1, 109.7, 106.3, 103.1, 100.1, 97.1, 94.3, 91.6, 89.0, 86.5, 84.1, 81.9, 79.8, 77.8, 75.9, 74.1, 72.4, 70.8, 69.3, 67.9, 66.6, 65.3, 64.0, 62.8, 61.5, 60.2, 58.9, 57.5, 56.2, 54.8, 53.5, 52.2, 51.0, 49.9, 48.9, 47.9, 47.0, 46.3, 45.6, 45.0, 44.5, 44.1, 43.8, 43.5, 43.4, 43.4, 43.4, 43.5, 43.7, 43.9, 44.3, 44.7, 45.2, 45.7, 46.3, 47.0, 47.8, 48.6, 49.5, 50.5, 51.5, 52.6, 53.7, 55.0, 56.3, 57.6, 59.1, 60.7, 62.4, 64.2, 66.1, 68.0, 70.1, 72.2, 74.4, 76.6, 78.9, 81.4, 83.9, 86.5, 89.1, 91.9, 94.7, 97.6, 100.4, 103.3, 106.0, 108.6, 111.1, 111.4, 102.8, 89.1, 74.1, 60.3, 48.5, 41.0, 41.0, 46.4, 53.1, 59.3, 64.1, 67.5, 69.8, 71.5, 72.9, 74.1, 75.0, 75.6, 76.0, 76.5, 77.4, 78.9, 81.2, 84.6, 89.1, 94.8, 101.7, 109.7, 118.8, 128.4, 138.4, 148.3, 157.9, 167.1, 175.5, 183.3, 190.1, 196.1, 201.0, 205.0, 208.0, 210.0, 211.0, 211.1, 210.2, 208.7, 206.4, 203.6, 200.3, 196.7, 192.7, 188.5, 184.1, 179.9, 176.2, 173.1, 170.3, 167.7, 165.0, 162.3, 159.5, 156.5, 153.5, 150.4, 147.2, 144.0, 140.8, 137.5, 134.4, 131.2, 128.2, 125.2, 122.2, 119.4, 116.6, 113.9, 111.3, 108.7, 106.2, 103.8, 101.5, 99.2, 97.1, 95.0, 93.1, 91.3, 89.6, 87.9, 86.4, 85.2, 84.4, 84.3, 85.0, 86.6, 89.3, 93.0, 97.7, 103.4, 109.8, 116.6, 123.6, 130.6, 137.6, 144.2, 150.6, 156.4, 161.7, 166.5, 170.6, 174.0, 176.8, 178.8, 180.1, 180.8, 180.7, 180.0, 178.7, 177.0, 174.8, 172.4, 170.1, 167.9, 165.9, 163.9, 161.8, 158.7, 151.1, 141.7, 132.1, 123.8, 120.3, 118.9, 118.2, 117.6, 116.8, 115.7, 114.2, 112.4, 110.4, 108.3, 106.1, 103.8, 101.5, 99.3, 97.0, 94.9, 92.9, 91.2, 89.9, 89.2, 89.1, 89.7, 91.1, 93.1, 96.0, 99.5, 103.8, 108.7, 114.1, 119.8, 125.7, 131.6, 137.3, 142.7, 147.8, 152.4, 156.4, 159.9, 162.8, 165.1, 166.7, 167.6, 168.0, 167.8, 167.1, 165.9, 164.3, 162.3, 160.0, 157.4, 154.5, 151.5, 148.2, 144.9, 141.5, 138.0, 134.5, 130.9, 127.4, 124.0, 120.5, 117.2, 113.9, 110.7, 107.6, 104.6, 101.7, 98.9, 96.2, 93.6, 91.0, 88.6, 86.3, 84.1, 82.0, 80.0, 78.0, 76.2, 74.5, 72.9, 71.3, 69.8, 68.4, 67.0, 65.7, 64.4, 63.1, 61.7, 60.4, 59.0, 57.6, 56.2, 54.8, 53.4, 52.1, 50.8, 49.6, 48.4, 47.4, 46.4, 45.5, 44.7, 44.0, 43.4, 42.9, 42.5, 42.2, 42.0, 41.8, 41.7, 41.8, 41.8, 42.0, 42.3, 42.6, 43.0, 43.4, 43.9, 44.5, 45.2, 45.9, 46.7, 47.6, 48.5, 49.5, 50.6, 51.7, 52.9, 54.1, 55.4, 56.8, 58.3, 59.9, 61.5, 63.3, 65.2, 67.1, 69.2, 71.3, 73.5, 75.7, 78.0, 80.5, 82.9, 85.5, 88.2, 91.0, 93.8, 96.7, 99.6, 102.5, 105.4, 108.2, 110.8, 113.3, 115.6, 117.7, 117.4, 108.2, 93.6, 77.9, 63.3, 50.6, 42.5, 41.7, 46.4, 52.5, 58.1, 62.4, 65.4, 67.4, 68.8, 70.1, 71.2, 72.1, 72.7, 73.0, 73.1, 73.2, 73.6, 74.4, 75.8, 77.8, 80.7, 84.4, 89.0, 94.5, 100.6, 107.2, 114.1, 120.9, 127.7, 134.1, 140.1, 145.6, 150.4, 154.6, 158.1, 160.9, 162.9, 164.2, 164.7, 164.7, 164.0, 162.8, 161.5, 160.5, 160.1, 159.9, 159.6, 159.1, 158.3, 157.2, 155.8, 154.0, 151.9, 149.6, 147.1, 144.5, 141.7, 138.9, 136.1, 133.2, 130.3, 127.5, 124.7, 122.0, 119.3, 116.7, 114.3, 111.9, 109.7, 107.6, 105.7, 103.8, 102.1, 100.4, 98.9, 97.6, 96.3, 95.2, 94.1, 93.2, 92.4, 91.6, 91.0, 90.5, 90.1, 89.8, 89.7, 90.0, 91.0, 92.7, 95.2, 98.7, 103.2, 108.7, 115.2, 122.7, 130.9, 139.7, 148.8, 157.9, 166.8, 175.4, 183.4, 190.8, 197.5, 203.4, 208.4, 212.5, 215.7, 217.9, 219.2, 219.6, 218.2, 211.6, 202.9, 194.0, 186.7, 184.5, 184.8, 185.7, 186.4, 186.3, 185.5, 183.8, 181.4, 178.4, 175.1, 171.4, 167.5, 163.5, 159.4, 155.2, 151.1, 147.1, 143.1, 139.2, 135.5, 131.8, 128.3, 124.9, 121.6, 118.4, 115.3, 112.4, 109.5, 106.7, 104.2, 102.0, 100.4, 99.4, 99.1, 99.6, 100.8, 102.9, 105.7, 109.0, 112.6, 116.4, 120.2, 123.9, 127.4, 130.6, 133.6, 136.1, 138.2, 139.8, 141.0, 141.7, 142.0, 141.9, 141.5, 140.7, 139.6, 138.3, 136.7, 134.9, 133.0, 130.9, 128.7, 126.4, 124.1, 121.7, 119.3, 116.9, 114.5, 112.1, 109.7, 107.4, 105.1, 102.9, 100.7, 98.6, 96.5, 94.5, 92.5, 90.6, 88.8, 87.0, 85.4, 83.9, 82.4, 81.1, 79.9, 78.8, 77.8, 76.9, 76.1, 75.4, 74.7, 74.2, 73.8, 73.4, 73.1, 72.9, 72.8, 72.8, 72.8, 72.9, 73.1, 73.4, 73.7, 74.2, 74.6, 75.2, 75.8, 76.5, 77.2, 78.1, 78.9, 79.9, 80.9, 82.0, 83.1, 84.4, 85.7, 87.1, 88.6, 90.1, 91.8, 93.5, 95.2, 97.1, 98.9, 100.8, 102.6, 104.4, 106.1, 107.7, 109.1, 110.4, 111.5, 112.4, 113.2, 113.8, 114.2, 114.5, 114.7, 114.7, 114.6, 114.5, 114.3, 114.0, 113.7, 113.3, 112.9, 112.6, 112.2, 111.8, 111.4, 111.1, 110.7, 110.4, 110.1, 109.8, 109.5, 109.2, 108.9, 108.6, 108.3, 108.0, 107.7, 107.3, 104.8, 93.8, 78.1, 61.9, 49.5, 40.6, 35.0, 34.6, 39.3, 45.5, 51.5, 56.9, 61.8, 66.6, 71.7, 77.6, 84.3, 91.6, 99.4, 107.6, 116.1, 124.7, 133.1, 141.3, 149.0, 156.1, 162.6, 168.4, 173.4, 177.6, 181.0, 183.4, 185.0, 185.8, 185.8, 185.1, 183.6, 181.6, 179.3, 177.1, 175.2, 173.3, 171.4, 169.3, 166.9, 164.4, 161.6, 158.5, 155.4, 152.0, 148.6, 145.2, 141.7, 138.2, 134.7, 131.3, 128.0, 124.7, 121.5, 118.4, 115.4, 112.5, 109.7, 107.0, 104.4, 101.9, 99.6, 97.3, 95.1, 93.1, 91.2, 89.4, 87.8, 86.3, 85.3, 85.0, 85.4, 86.7, 89.0, 92.2, 96.5, 101.7, 107.5, 113.7, 120.1, 126.7, 133.1, 139.3, 145.2, 150.7, 155.6, 160.1, 163.9, 167.1, 169.6, 171.5, 172.6, 173.1, 173.0, 172.3, 171.0, 169.2, 167.0, 164.5, 161.7, 158.6, 155.3, 151.9, 148.3, 144.6, 140.8, 137.0, 133.1, 129.3, 125.4, 121.6, 117.9, 114.3, 110.9, 108.2, 106.2, 104.5, 102.9, 101.4, 100.0, 98.4, 96.8, 95.2, 92.9, 87.7, 80.2, 72.2, 64.8, 60.5, 58.9, 58.2, 57.9, 57.6, 57.1, 56.4, 55.4, 54.2, 52.9, 51.5, 50.0, 48.6, 47.2, 45.8, 44.5, 43.2, 42.0, 40.9, 40.0, 39.5, 39.6, 40.5, 42.1, 44.6, 48.0, 52.4, 57.8, 63.9, 70.7, 77.9, 85.3, 93.0, 100.6, 108.2, 115.5, 122.6, 129.4, 135.7, 141.6, 146.9, 151.7, 155.8, 159.4, 162.3, 164.5, 166.1, 167.1, 167.4, 167.1, 166.3, 165.0, 163.2, 161.0, 158.6, 155.8, 152.9, 149.8, 146.6, 143.4, 140.0, 136.6, 133.3, 129.9, 126.6, 123.3, 120.1, 116.9, 113.8, 110.9, 108.0, 105.1, 102.4, 99.8, 97.3, 94.8, 92.5, 90.2, 88.0, 85.9, 83.9, 82.0, 80.2, 78.6, 77.1, 75.7, 74.4, 73.2, 72.1, 71.1, 70.2, 69.5, 68.8, 68.1, 67.6, 67.1, 66.7, 66.4, 66.2, 66.0, 65.9, 65.9, 65.9, 66.0, 66.2, 66.5, 66.9, 67.3, 67.8, 68.4, 69.1, 69.9, 70.7, 71.6, 72.6, 73.6, 74.7, 75.9, 77.1, 78.4, 79.7, 81.1, 82.6, 84.2, 85.9, 87.6, 89.4, 91.3, 93.3, 95.3, 97.3, 99.4, 101.4, 103.3, 105.2, 107.0, 108.5, 110.0, 111.2, 112.2, 113.1, 113.8, 114.2, 114.6, 114.7, 114.7, 114.6, 114.3, 113.8, 113.3, 112.6, 111.8, 110.9, 109.9, 108.8, 105.6, 93.6, 76.9, 60.5, 48.4, 39.8, 34.3, 32.8, 36.7, 42.3, 47.9, 53.0, 57.9, 63.0, 68.6, 75.0, 82.3, 90.3, 98.7, 107.3, 115.7, 123.8, 131.6, 138.8, 145.4, 151.3, 156.5, 161.0, 164.7, 167.5, 169.6, 170.9, 171.5, 171.4, 171.2, 171.3, 171.5, 171.5, 171.2, 170.5, 169.4, 167.8, 165.8, 163.5, 160.9, 158.0, 155.0, 151.8, 148.4, 145.1, 141.7, 138.3, 134.9, 131.6, 128.3, 125.1, 121.9, 118.9, 116.0, 113.1, 110.4, 107.7, 105.2, 102.7, 100.4, 98.1, 96.0, 94.0, 92.2, 90.5, 88.9, 87.4, 86.0, 84.8, 83.6, 82.6, 81.7, 80.9, 80.2, 79.6, 79.1, 78.7, 78.4, 78.2, 78.1, 78.0, 78.1, 78.2, 78.4, 78.8, 79.6, 80.9, 82.9, 85.7, 89.4, 94.0, 99.5, 106.0, 113.4, 121.8, 131.0, 140.9, 151.1, 161.5, 171.8, 181.8, 191.2, 200.1, 208.1, 215.3, 221.6, 227.0, 231.5, 235.7, 239.6, 243.2, 246.2, 248.3, 249.4, 249.4, 248.4, 246.4, 243.6, 240.1, 235.9, 231.3, 226.3, 221.0, 215.5, 209.0, 197.9, 184.9, 171.9, 160.5, 154.2, 150.6, 148.0, 145.8, 143.5, 141.0, 138.2, 135.1, 132.0, 128.7, 125.4, 122.2, 118.9, 115.8, 112.7, 109.7, 106.8, 104.1, 101.4, 98.8, 96.4, 94.0, 91.9, 90.2, 89.1, 88.7, 89.2, 90.5, 92.7, 95.9, 99.9, 104.7, 110.1, 115.8, 121.7, 127.5, 133.2, 138.7, 143.8, 148.5, 152.7, 156.4, 159.5, 162.0, 163.9, 165.1, 165.7, 165.7, 165.2, 164.2, 162.8, 161.0, 158.9, 156.5, 153.9, 151.0, 148.0, 144.9, 141.8, 138.5, 135.3, 132.0, 128.8, 125.6, 122.4, 119.3, 116.3, 113.3, 110.4, 107.6, 104.9, 102.3, 99.8, 97.3, 94.9, 92.7, 90.5, 88.4, 86.4, 84.4, 82.6, 80.8, 79.2, 77.7, 76.4, 75.1, 74.0, 72.9, 72.0, 71.1, 70.4, 69.7, 69.2, 68.7, 68.3, 67.9, 67.7, 67.5, 67.4, 67.4, 67.5, 67.6, 67.8, 68.1, 68.5, 69.0, 69.5, 70.1, 70.8, 71.5, 72.3, 73.2, 74.2, 75.2, 76.2, 77.4, 78.5, 79.8, 81.1, 82.6, 84.0, 85.6, 87.3, 89.0, 90.8, 92.6, 94.6, 96.6, 98.6, 100.6, 102.5, 104.4, 106.2, 107.8, 109.3, 110.6, 111.7, 112.7, 113.4, 114.0, 114.4, 114.6, 114.7, 114.7, 114.6, 114.4, 114.1, 113.8, 113.4, 113.0, 112.5, 112.1, 111.6, 111.2, 108.7, 97.7, 82.1, 65.9, 52.3, 42.6, 36.6, 36.5, 41.6, 48.6, 55.8, 62.9, 70.1, 77.9, 86.8, 97.1, 108.8, 121.2, 133.9, 146.6, 158.8, 170.3, 181.0, 190.8, 199.6, 207.3, 213.9, 219.3, 223.5, 226.6, 228.6, 229.5, 229.3, 228.2, 226.2, 223.4, 220.1, 216.6, 213.4, 210.6, 208.0, 205.3, 202.4, 199.2, 195.6, 191.7, 187.6, 183.2, 178.6, 173.9, 169.2, 164.3, 159.5, 154.8, 150.1, 145.4, 140.9, 136.6, 132.3, 128.2, 124.3, 120.5, 116.9, 113.4, 110.0, 106.8, 103.8, 100.9, 98.1, 95.5, 92.9, 90.5, 88.2, 86.0, 83.9, 82.0, 80.1, 78.4, 76.9, 75.4, 74.1, 73.0, 71.9, 71.0, 70.3, 70.0, 70.2, 71.1, 72.8, 75.2, 78.6, 82.9, 88.2, 94.4, 101.4, 109.0, 117.0, 125.1, 133.2, 141.1, 148.8, 156.1, 162.8, 169.1, 174.7, 179.6, 183.8, 187.3, 190.0, 192.0, 193.2, 193.6, 193.4, 192.4, 190.8, 188.6, 186.0, 182.9, 179.6, 175.9, 172.2, 167.9, 159.8, 150.6, 141.3, 133.5, 130.4, 129.4, 129.2, 129.0, 128.5, 127.5, 126.1, 124.3, 122.2, 119.9, 117.4, 114.8, 112.2, 109.5, 106.9, 104.3, 101.8, 99.4, 97.0, 94.7, 92.5, 90.3, 88.3, 86.3, 84.4, 82.7, 81.2, 80.0, 79.3, 79.1, 79.5, 80.5, 82.2, 84.5, 87.6, 91.3, 95.8, 100.7, 106.1, 111.6, 117.2, 122.8, 128.2, 133.4, 138.2, 142.7, 146.6, 150.1, 153.1, 155.5, 157.3, 158.6, 159.2, 159.4, 158.9, 158.0, 156.7, 155.0, 152.9, 150.6, 148.1, 145.4, 142.5, 139.5, 136.5, 133.4, 130.2, 127.0, 123.8, 120.7, 117.5, 114.4, 111.4, 108.4, 105.5, 102.6, 99.9, 97.2, 94.6, 92.0, 89.6, 87.3, 85.0, 82.8, 80.8, 78.8, 76.9, 75.2, 73.5, 71.9, 70.5, 69.1, 67.8, 66.6, 65.4, 64.3, 63.1, 62.0, 60.8, 59.6, 58.3, 57.1, 55.8, 54.6, 53.4, 52.3, 51.2, 50.1, 49.2, 48.4, 47.6, 46.9, 46.3, 45.8, 45.4, 45.1, 44.9, 44.7, 44.6, 44.6, 44.7, 44.9, 45.2, 45.5, 45.9, 46.4, 46.9, 47.5, 48.2, 48.9, 49.7, 50.6, 51.6, 52.6, 53.7, 54.8, 56.0, 57.3, 58.7, 60.3, 61.9, 63.6, 65.4, 67.3, 69.3, 71.3, 73.4, 75.6, 77.9, 80.3, 82.7, 85.2, 87.8, 90.5, 93.3, 96.1, 99.0, 101.9, 104.7, 107.5, 110.2, 112.6, 112.9, 104.3, 90.5, 75.4, 61.5, 49.5, 41.8, 42.0, 48.0, 56.1, 64.2, 71.7, 78.5, 84.9, 91.5, 98.4, 105.7, 113.3, 120.9, 128.3, 135.2, 141.6, 147.2, 152.0, 156.0, 159.1, 161.4, 162.8, 163.5, 163.5, 162.8, 161.6, 159.9, 157.9, 155.4, 152.7, 149.7, 146.5, 143.1, 139.7, 136.1, 132.6, 129.2, 126.3, 123.9, 122.1, 120.5, 119.0, 117.5, 116.0, 114.4, 112.6, 110.8, 108.8, 106.8, 104.8, 102.7, 100.6, 98.6, 96.5, 94.4, 92.4, 90.5, 88.6, 86.8, 85.1, 83.6, 82.1, 80.8, 79.5, 78.4, 77.4, 76.5, 75.7, 75.0, 74.4, 73.9, 73.5, 73.2, 73.0, 72.9, 72.8, 72.9, 73.0, 73.2, 73.4, 73.8, 74.5, 75.7, 77.8, 81.0, 85.6, 91.7, 99.4, 108.5, 118.7, 129.7, 141.2, 152.8, 164.4, 175.7, 186.5, 196.8, 206.3, 215.0, 222.8, 229.6, 235.4, 240.2, 243.8, 246.4, 248.0, 248.4, 247.9, 246.4, 244.1, 240.9, 237.0, 232.6, 227.6, 222.4, 216.9, 211.2, 205.4, 199.6, 194.2, 189.6, 186.0, 182.9, 180.0, 177.2, 174.4, 171.5, 168.5, 165.4, 162.2, 158.1, 149.7, 139.6, 129.4, 120.4, 116.2, 114.7, 114.6, 115.2, 116.2, 117.6, 119.2, 121.1, 123.4, 126.1, 129.0, 132.1, 135.2, 138.3, 141.1, 143.8, 146.1, 148.0, 149.6, 150.8, 151.5, 151.8, 151.7, 151.3, 150.5, 149.4, 148.0, 146.4, 144.6, 142.5, 140.4, 138.1, 135.7, 133.3, 130.8, 128.2, 125.7, 123.2, 120.7, 118.2, 115.7, 113.3, 111.0, 108.7, 106.4, 104.3, 102.1, 100.1, 98.1, 96.2, 94.3, 92.5, 90.8, 89.2, 87.7, 86.3, 85.0, 83.8, 82.7, 81.7, 80.9, 80.1, 79.4, 78.8, 78.3, 77.9, 77.5, 77.3, 77.1, 77.1, 77.1, 77.2, 77.3, 77.6, 77.9, 78.3, 78.7, 79.2, 79.8, 80.5, 81.2, 82.1, 82.9, 83.9, 85.0, 86.1, 87.3, 88.6, 90.0, 91.4, 92.9, 94.5, 96.2, 97.9, 99.6, 101.4, 103.1, 104.8, 106.4, 107.9, 109.2, 110.4, 111.4, 112.3, 113.0, 113.5, 113.9, 114.2, 114.4, 114.4, 114.3, 114.2, 114.0, 113.8, 113.5, 113.2, 112.8, 112.5, 112.2, 111.8, 111.5, 111.2, 111.0, 110.7, 110.5, 110.4, 110.2, 110.1, 110.0, 110.0, 109.9, 109.9, 109.9, 109.9, 109.9, 109.9, 110.0, 110.0, 110.0, 110.0, 110.0, 110.0, 110.0, 110.1, 110.1, 110.1, 110.1, 108.0, 97.4, 82.1, 66.1, 52.6, 42.8, 36.7, 36.8, 42.0, 48.5, 54.5, 59.6, 64.0, 68.2, 72.8, 78.1, 84.3, 91.3, 99.0, 107.3, 116.2, 125.6, 135.1, 144.5, 153.6, 162.3, 170.3, 177.6, 184.0, 189.6, 194.2, 197.9, 200.5, 202.3, 203.0, 202.9, 202.0, 200.4, 198.1, 195.4, 192.8, 190.5, 188.3, 186.2, 183.9, 181.5, 178.8, 175.9, 172.7, 169.4, 166.0, 162.4, 158.7, 155.0, 151.3, 147.7, 144.0, 140.5, 137.0, 133.5, 130.2, 127.0, 123.9, 120.9, 118.0, 115.3, 112.6, 110.0, 107.6, 105.3, 103.2, 101.1, 99.3, 97.5, 95.9, 94.4, 93.1, 92.0, 91.4, 91.4, 92.2, 93.9, 96.5, 100.1, 104.8, 110.5, 117.2, 124.7, 132.8, 141.2, 149.6, 158.0, 166.0, 173.6, 180.7, 187.1, 192.8, 197.7, 201.9, 205.2, 207.6, 209.2, 209.9, 209.8, 208.9, 207.3, 205.0, 202.2, 199.0, 195.4, 191.4, 187.2, 182.7, 178.1, 173.4, 168.7, 163.9, 159.1, 154.7, 150.8, 147.8, 145.5, 143.6, 141.9, 140.1, 138.3, 136.3, 134.2, 132.0, 129.7, 127.3, 124.9, 121.8, 114.9, 106.4, 97.8, 90.2, 86.7, 85.5, 85.2, 85.3, 85.2, 85.0, 84.5, 83.8, 82.8, 81.7, 80.6, 79.4, 78.3, 77.2, 76.1, 75.1, 74.2, 73.4, 72.6, 71.9, 71.4, 71.1, 71.4, 72.5, 74.6, 77.9, 82.6, 88.7, 96.0, 104.3, 113.3, 122.8, 132.4, 142.0, 151.4, 160.5, 169.1, 177.2, 184.6, 191.3, 197.2, 202.4, 206.6, 210.0, 212.6, 214.2, 215.0, 214.9, 214.1, 212.4, 210.1, 207.2, 203.8, 200.1, 196.0, 191.7, 187.1, 182.5, 177.7, 172.9, 168.1, 163.3, 158.6, 153.9, 149.3, 144.8, 140.4, 136.2, 132.1, 128.2, 124.3, 120.7, 117.1, 113.8, 110.5, 107.4, 104.4, 101.6, 98.9, 96.3, 93.8, 91.4, 89.2, 87.0, 84.9, 83.0, 81.1, 79.4, 77.8, 76.4, 75.1, 73.9, 72.8, 71.8, 70.9, 70.2, 69.5, 68.9, 68.4, 68.0, 67.6, 67.4, 67.2, 67.1, 67.1, 67.1, 67.3, 67.5, 67.8, 68.2, 68.7, 69.2, 69.8, 70.5, 71.3, 72.1, 73.0, 74.0, 75.0, 76.1, 77.2, 78.5, 79.7, 81.1, 82.5, 84.1, 85.6, 87.3, 89.1, 90.9, 92.8, 94.8, 96.8, 98.8, 100.8, 102.7, 104.6, 106.3, 108.0, 109.4, 110.7, 111.8, 112.7, 113.4, 113.9, 114.3, 114.5, 114.6, 114.5, 114.3, 113.9, 111.4, 100.2, 84.3, 67.7, 53.6, 43.5, 37.1, 35.8, 39.5, 44.4, 48.6, 51.7, 53.8, 55.4, 57.2, 59.5, 62.5, 66.2, 70.5, 75.3, 80.8, 86.8, 93.4, 100.4, 107.8, 115.3, 122.7, 129.9, 136.8, 143.3, 149.3, 154.6, 159.3, 163.2, 166.5, 168.9, 170.6, 171.6, 171.9, 171.4, 170.4, 168.8, 166.7, 164.4, 162.3, 161.2, 160.7, 160.4, 160.0, 159.3, 158.4, 157.1, 155.5, 153.5, 151.3, 148.9, 146.4, 143.7, 140.9, 138.0, 135.2, 132.3, 129.4, 126.6, 123.9, 121.1, 118.5, 115.9, 113.5, 111.3, 109.5, 108.5, 108.3, 109.1, 110.9, 113.8, 117.7, 122.6, 128.0, 133.9, 139.8, 145.7, 151.4, 156.8, 161.7, 166.0, 169.8, 172.9, 175.4, 177.2, 178.3, 178.7, 178.6, 178.0, 176.8, 175.2, 173.1, 170.7, 168.0, 165.0, 161.7, 158.3, 154.7, 151.0, 147.2, 143.4, 139.5, 135.6, 131.8, 127.9, 124.2, 120.5, 116.8, 113.3, 109.9, 106.5, 103.3, 100.2, 97.2, 94.3, 91.5, 88.9, 86.7, 85.5, 85.0, 84.5, 80.0, 74.3, 68.5, 63.6, 62.9, 63.9, 65.3, 66.7, 67.8, 68.6, 69.0, 69.2, 69.1, 68.8, 68.5, 68.2, 67.8, 67.4, 67.0, 66.7, 66.4, 66.2, 66.0, 65.9, 65.8, 65.8, 65.8, 66.0, 66.2, 66.5, 66.9, 67.5, 68.8, 70.8, 73.9, 78.3, 84.0, 91.0, 99.1, 107.8, 117.1, 126.6, 136.3, 145.8, 155.0, 163.9, 172.2, 180.0, 187.0, 193.4, 198.9, 203.6, 207.5, 210.5, 212.6, 213.8, 214.2, 213.7, 212.5, 210.5, 207.8, 204.6, 200.8, 196.7, 192.3, 187.7, 183.0, 178.1, 173.2, 168.3, 163.4, 158.5, 153.7, 149.0, 144.4, 139.9, 135.5, 131.3, 127.3, 123.3, 119.6, 115.9, 112.5, 109.1, 106.0, 102.9, 100.0, 97.2, 94.5, 92.0, 89.5, 87.2, 85.0, 82.9, 80.9, 79.1, 77.4, 75.8, 74.4, 73.0, 71.9, 70.8, 69.8, 68.9, 68.1, 67.4, 66.8, 66.2, 65.7, 65.3, 65.0, 64.7, 64.5, 64.3, 64.2, 64.2, 64.3, 64.5, 64.7, 65.1, 65.5, 66.0, 66.6, 67.2, 68.0, 68.9, 69.8, 70.8, 71.8, 73.0, 74.2, 75.5, 76.8, 78.2, 79.6, 81.2, 82.8, 84.5, 86.3, 88.1, 90.0, 92.0, 94.1, 96.2, 98.3, 100.4, 102.4, 104.4, 106.2, 107.9, 109.4, 110.7, 111.8, 112.8, 113.5, 114.1, 114.5, 114.7, 114.8, 114.8, 114.9, 115.3, 114.4, 105.6, 93.1, 81.2, 71.6, 65.1, 62.9, 70.6, 84.6, 101.1, 117.5, 132.7, 146.2, 158.1, 168.8, 178.4, 186.8, 194.0, 199.8, 204.1, 207.1, 208.7, 209.2, 208.7, 207.3, 205.1, 202.4, 199.1, 195.3, 191.2, 186.8, 182.2, 177.4, 172.5, 167.6, 162.6, 157.7, 152.8, 148.0, 143.3, 138.6, 134.1, 129.8, 125.6, 121.5, 117.6, 113.8, 110.2, 106.7, 103.4, 100.2, 97.4, 95.2, 93.6, 92.6, 92.0, 91.5, 91.0, 90.5, 90.0, 89.3, 88.5, 87.7, 86.7, 85.8, 84.8, 83.9, 82.9, 82.0, 81.2, 80.4, 79.7, 79.1, 78.6, 78.1, 77.7, 77.4, 77.1, 76.9, 76.9, 76.9, 76.9, 77.1, 77.3, 77.6, 78.0, 78.4, 79.0, 79.6, 80.2, 81.0, 81.9, 83.2, 84.9, 87.3, 90.4, 94.3, 99.0, 104.5, 110.8, 118.0, 126.0, 134.6, 143.9, 153.4, 163.0, 172.4, 181.4, 189.8, 197.7, 204.7, 210.9, 216.1, 220.3, 223.6, 225.8, 227.1, 227.3, 226.6, 225.0, 222.7, 219.6, 215.9, 211.7, 207.3, 203.2, 200.1, 197.5, 194.2, 186.3, 176.2, 165.8, 156.7, 152.6, 150.8, 149.9, 149.0, 147.7, 146.0, 143.9, 141.3, 138.4, 135.4, 132.2, 129.0, 125.7, 122.5, 119.3, 116.2, 113.1, 110.2, 107.4, 104.6, 102.0, 99.5, 97.0, 94.7, 92.5, 90.4, 88.4, 86.6, 84.9, 83.3, 82.0, 81.1, 80.6, 80.8, 81.6, 83.2, 85.6, 88.8, 92.8, 97.6, 103.1, 109.3, 115.9, 122.8, 129.7, 136.5, 143.1, 149.3, 155.1, 160.5, 165.2, 169.3, 172.8, 175.6, 177.8, 179.2, 179.9, 180.0, 179.4, 178.3, 176.6, 174.4, 171.9, 169.1, 166.0, 162.8, 159.3, 155.7, 152.1, 148.4, 144.6, 140.9, 137.2, 133.5, 129.9, 126.4, 123.0, 119.6, 116.4, 113.2, 110.2, 107.2, 104.4, 101.7, 99.0, 96.5, 94.1, 91.7, 89.5, 87.3, 85.3, 83.3, 81.5, 79.8, 78.2, 76.8, 75.5, 74.3, 73.2, 72.2, 71.3, 70.6, 69.9, 69.3, 68.8, 68.3, 68.0, 67.7, 67.5, 67.4, 67.4, 67.4, 67.6, 67.8, 68.1, 68.4, 68.9, 69.4, 70.0, 70.6, 71.4, 72.2, 73.1, 74.0, 75.0, 76.1, 77.2, 78.4, 79.6, 81.0, 82.4, 83.9, 85.4, 87.1, 88.8, 90.6, 92.5, 94.4, 96.4, 98.4, 100.4, 102.4, 104.3, 106.1, 107.7, 109.2, 110.6, 111.7, 112.7, 113.5, 114.1, 114.5, 114.7, 114.8, 114.8, 112.6, 101.6, 85.9, 69.4, 54.9, 44.5, 37.8, 36.7, 40.6, 45.8, 50.2, 53.5, 55.6, 56.9, 57.8, 58.6, 59.3, 59.8, 60.2, 60.4, 60.5, 60.9, 61.9, 63.8, 66.7, 70.9, 76.5, 83.5, 91.8, 101.1, 111.1, 121.4, 131.8, 142.1, 152.1, 161.5, 170.4, 178.6, 185.9, 192.4, 198.0, 202.7, 206.4, 209.1, 210.9, 212.3, 213.8, 215.6, 217.2, 218.4, 218.9, 218.7, 217.6, 215.9, 213.5, 210.5, 207.1, 203.3, 199.2, 194.9, 190.4, 185.8, 181.2, 176.6, 172.0, 167.5, 163.0, 158.6, 154.3, 150.0, 145.9, 141.9, 138.0, 134.2, 130.5, 126.9, 123.4, 120.0, 116.7, 113.6, 110.5, 107.5, 104.7, 101.9, 99.3, 96.7, 94.2, 91.9, 89.7, 87.9, 86.6, 85.8, 85.6, 86.1, 87.3, 89.2, 91.8, 95.2, 99.1, 103.8, 108.9, 114.3, 119.9, 125.5, 131.0, 136.2, 141.4, 146.5, 151.7, 156.6, 161.1, 164.9, 168.1, 170.4, 172.0, 172.9, 173.1, 172.6, 171.6, 170.2, 168.3, 166.1, 163.6, 160.1, 152.1, 142.4, 132.4, 123.7, 119.5, 117.5, 116.5, 115.7, 114.9, 113.7, 112.3, 110.6, 108.7, 106.6, 104.4, 102.2, 100.0, 97.7, 95.5, 93.3, 91.4, 89.8, 89.0, 88.9, 89.8, 91.7, 94.7, 98.6, 103.2, 108.3, 113.6, 119.0, 124.4, 129.6, 134.6, 139.2, 143.4, 147.2, 150.4, 153.1, 155.3, 156.9, 157.9, 158.4, 158.4, 157.9, 157.0, 155.8, 154.2, 152.3, 150.1, 147.7, 145.2, 142.5, 139.7, 136.9, 133.9, 131.0, 128.0, 125.1, 122.2, 119.3, 116.5, 113.7, 111.0, 108.3, 105.8, 103.3, 100.9, 98.5, 96.3, 94.1, 92.0, 89.9, 88.0, 86.1, 84.3, 82.6, 81.1, 79.6, 78.3, 77.0, 75.9, 74.9, 74.0, 73.2, 72.5, 71.9, 71.4, 70.9, 70.6, 70.3, 70.1, 70.0, 70.0, 70.0, 70.2, 70.4, 70.6, 71.0, 71.4, 71.9, 72.5, 73.1, 73.8, 74.6, 75.4, 76.3, 77.3, 78.3, 79.4, 80.6, 81.8, 83.1, 84.5, 86.0, 87.5, 89.1, 90.8, 92.6, 94.4, 96.3, 98.2, 100.2, 102.1, 104.0, 105.7, 107.4, 108.9, 110.2, 111.4, 112.3, 113.1, 113.8, 114.2, 114.6, 114.7, 114.8, 114.7, 114.6, 114.3, 114.0, 113.6, 113.1, 112.6, 112.0, 111.4, 110.7, 109.9, 109.1, 108.3, 107.4, 106.4, 105.5, 104.5, 103.4, 102.4, 101.3, 100.2, 99.2, 98.1, 97.1, 96.1, 95.1, 92.2, 80.7, 64.9, 51.6, 42.1, 35.3, 31.1, 30.8, 35.4, 41.3, 46.4, 50.4, 53.3, 55.4, 57.2, 59.2, 61.8, 65.1, 69.3, 74.5, 81.0, 88.8, 97.9, 108.0, 118.7, 129.9, 141.2, 152.3, 163.2, 173.6, 183.4, 192.5, 200.7, 208.0, 214.4, 219.7, 224.0, 227.2, 229.4, 230.6, 231.2, 232.0, 233.0, 233.9, 234.4, 234.2, 233.3, 231.5, 229.1, 226.0, 222.3, 218.3, 213.8, 209.1, 204.2, 199.2, 194.0, 188.8, 183.7, 178.5, 173.5, 168.5, 163.6, 158.8, 154.1, 149.6, 145.1, 140.9, 136.7, 132.7, 128.8, 125.0, 121.4, 117.9, 114.5, 111.2, 108.0, 104.9, 102.0, 99.1, 96.3, 93.6, 91.0, 88.5, 86.1, 83.9, 82.3, 81.3, 81.1, 81.9, 83.6, 86.5, 90.2, 94.6, 99.5, 104.7, 110.0, 115.2, 120.3, 125.2, 129.7, 133.9, 137.6, 140.8, 143.6, 145.8, 147.4, 148.5, 149.1, 149.2, 148.8, 148.0, 146.9, 145.5, 144.1, 143.1, 142.7, 142.8, 143.1, 143.3, 143.4, 143.2, 142.6, 141.8, 140.7, 139.4, 137.1, 130.3, 121.8, 113.2, 105.7, 103.0, 102.4, 102.6, 103.0, 103.3, 103.2, 102.8, 102.2, 101.4, 100.4, 99.4, 98.3, 97.3, 96.2, 95.2, 94.3, 93.4, 92.6, 91.9, 91.3, 90.7, 90.3, 89.9, 89.6, 89.5, 89.4, 89.4, 89.6, 90.4, 91.8, 94.2, 97.7, 102.3, 108.2, 115.2, 123.4, 132.4, 141.9, 151.7, 161.5, 171.1, 180.4, 189.2, 197.4, 204.9, 211.6, 217.5, 222.5, 226.6, 229.8, 232.0, 233.3, 233.6, 233.1, 231.7, 229.5, 226.6, 223.0, 218.9, 214.4, 209.6, 204.6, 199.4, 194.1, 188.7, 183.3, 178.0, 172.7, 167.5, 162.4, 157.4, 152.5, 147.8, 143.2, 138.8, 134.6, 130.5, 126.6, 122.8, 119.2, 115.8, 112.5, 109.3, 106.3, 103.4, 100.7, 98.1, 95.5, 93.1, 90.8, 88.6, 86.4, 84.4, 82.5, 80.7, 79.1, 77.6, 76.2, 74.9, 73.7, 72.6, 71.6, 70.7, 69.9, 69.2, 68.5, 68.0, 67.5, 67.0, 66.7, 66.4, 66.2, 66.1, 66.0, 66.0, 66.1, 66.3, 66.5, 66.8, 67.2, 67.7, 68.2, 68.9, 69.6, 70.4, 71.2, 72.1, 73.1, 74.1, 75.2, 76.4, 77.6, 78.9, 80.3, 81.7, 83.2, 84.8, 86.5, 88.2, 90.0, 91.9, 93.9, 95.9, 97.9, 100.0, 102.0, 103.9, 105.7, 107.5, 109.0, 110.4, 111.6, 112.6, 113.4, 114.0, 114.5, 114.7, 112.8, 102.2, 86.9, 71.2, 57.5, 46.7, 40.4, 43.9, 53.6, 66.0, 79.2, 92.4, 105.0, 117.0, 128.5, 139.7, 150.2, 159.8, 168.4, 175.7, 181.8, 186.5, 190.1, 192.5, 193.8, 194.1, 193.7, 192.4, 190.6, 188.2, 185.3, 182.1, 178.5, 174.7, 170.7, 166.6, 162.4, 158.1, 153.7, 149.4, 145.1, 140.9, 136.8, 132.7, 128.8, 125.0, 121.7, 119.2, 117.5, 116.4, 115.4, 114.6, 113.7, 112.8, 111.7, 110.5, 109.2, 107.8, 106.3, 104.8, 103.2, 101.6, 100.0, 98.4, 96.9, 95.4, 94.1, 92.8, 91.6, 90.5, 89.5, 88.6, 87.8, 87.2, 87.0, 87.4, 88.5, 90.5, 93.3, 97.0, 101.7, 107.3, 113.8, 120.8, 128.1, 135.7, 143.2, 150.5, 157.5, 164.1, 170.1, 175.6, 180.4, 184.5, 187.9, 190.5, 192.3, 193.4, 193.7, 193.2, 192.1, 190.3, 188.0, 185.2, 182.0, 178.5, 174.7, 170.7, 166.6, 162.3, 158.0, 153.7, 149.9, 146.5, 143.5, 140.8, 138.3, 135.7, 133.1, 130.4, 127.7, 124.9, 121.6, 115.3, 106.7, 97.6, 89.3, 84.5, 82.6, 81.9, 81.7, 81.6, 81.2, 80.7, 79.9, 78.9, 77.7, 76.5, 75.2, 73.9, 72.6, 71.4, 70.3, 69.2, 68.2, 67.3, 66.4, 65.6, 64.9, 64.1, 63.4, 62.8, 62.1, 61.5, 60.9, 60.4, 59.8, 59.3, 58.8, 58.4, 58.0, 57.6, 57.3, 57.1, 57.1, 57.7, 59.0, 61.4, 65.0, 69.9, 76.3, 84.0, 92.8, 102.3, 112.3, 122.7, 133.1, 143.4, 153.4, 163.0, 172.0, 180.5, 188.2, 195.1, 201.2, 206.4, 210.8, 214.1, 216.6, 218.1, 218.7, 218.5, 217.4, 215.5, 212.9, 209.7, 206.0, 201.9, 197.5, 192.8, 188.0, 183.1, 178.2, 173.2, 168.3, 163.4, 158.5, 153.8, 149.2, 144.6, 140.3, 136.0, 131.9, 128.0, 124.2, 120.5, 117.0, 113.6, 110.4, 107.2, 104.2, 101.3, 98.5, 95.8, 93.2, 90.7, 88.3, 86.0, 83.8, 81.7, 79.7, 77.8, 76.1, 74.5, 73.0, 71.6, 70.3, 69.1, 68.0, 67.0, 66.0, 65.0, 64.1, 63.2, 62.3, 61.5, 60.6, 59.7, 58.8, 57.9, 57.0, 56.2, 55.4, 54.6, 53.8, 53.2, 52.6, 52.0, 51.6, 51.2, 50.9, 50.7, 50.5, 50.5, 50.5, 50.6, 50.8, 51.0, 51.4, 51.8, 52.2, 52.8, 53.4, 54.1, 54.9, 55.8, 56.7, 57.8, 58.9, 60.2, 61.5, 63.0, 64.6, 66.2, 68.0, 69.9, 71.8, 73.8, 74.1, 66.7

Insulin Readings (mU/minute, every 5 minutes): 3824 readings
  Values: 3.2E-05, 3.8E-05, 1.5E-11, 2.0E-09, 9.2E-10, 5.1E-08, 1.3E-10, 2.4E-06, 4.4E-07, 4.5E+01, 9.8E+01, 4.7E+01, 1.6E+01, 1.9E+01, 7.8E-09, 2.8E+00, 6.2E+00, 7.7E+00, 8.6E+00, 9.9E+00, 1.0E+01, 1.0E+01, 1.1E+01, 9.1E+00, 1.3E+01, 1.1E+01, 1.2E+01, 1.2E+01, 1.2E+01, 1.0E+01, 1.4E+01, 1.1E+01, 1.4E+01, 1.3E+01, 1.2E+01, 1.5E+01, 1.2E+01, 1.3E+01, 1.2E+01, 1.6E+01, 1.2E+01, 1.1E+01, 1.6E+01, 1.0E+01, 1.5E+01, 1.2E+01, 1.3E+01, 1.3E+01, 1.3E+01, 1.3E+01, 1.3E+01, 1.3E+01, 1.2E+01, 1.3E+01, 1.3E+01, 1.2E+01, 1.3E+01, 1.3E+01, 1.3E+01, 1.3E+01, 1.3E+01, 1.3E+01, 1.3E+01, 1.3E+01, 1.3E+01, 1.3E+01, 1.2E+01, 1.3E+01, 1.3E+01, 1.3E+01, 1.3E+01, 1.3E+01, 1.3E+01, 1.3E+01, 1.3E+01, 1.3E+01, 1.3E+01, 1.3E+01, 1.0E+02, 1.0E+02, 1.2E-07, 7.0E-09, 6.0E-09, 1.4E-08, 2.1E-07, 1.5E-07, 1.3E-07, 1.1E-07, 1.0E-07, 9.9E-08, 9.7E-08, 9.7E-08, 9.6E-08, 9.6E-08, 9.6E-08, 9.6E-08, 9.7E-08, 2.7E-07, 1.0E+02, 1.0E+02, 1.0E+02, 1.0E+02, 1.0E+02, 1.0E+02, 1.0E+02, 1.0E+02, 1.0E+02, 1.0E+02, 1.0E+02, 1.0E+02, 1.1E+02, 1.1E+02, 1.1E+02, 1.1E+02, 1.1E+02, 1.1E+02, 1.1E+02, 1.1E+02, 4.5E+01, 2.9E-06, 1.3E-06, 1.5E-06, 7.4E-08, 8.3E-08, 8.9E-08, 9.9E-08, 1.1E-07, 1.2E-07, 2.8E-08, 2.9E-08, 3.1E-08, 3.3E-08, 3.6E-08, 4.1E-08, 4.8E-08, 6.0E-08, 1.3E-07, 1.8E-07, 9.4E-08, 1.4E-07, 1.6E-06, 2.6E+01, 2.6E+01, 2.6E+01, 2.6E+01, 2.6E+01, 2.6E+01, 1.7E+01, 1.9E+01, 1.8E+01, 1.5E+01, 1.6E+01, 1.4E+01, 1.5E+01, 1.1E+02, 1.1E+02, 1.1E+02, 1.1E+02, 1.1E+02, 1.1E+02, 1.1E+02, 1.1E+02, 1.1E+02, 1.1E+02, 1.1E+02, 1.1E+02, 1.1E+02, 4.1E+01, 2.6E+01, 2.6E+01, 2.6E+01, 2.6E+01, 2.6E+01, 2.6E+01, 2.6E+01, 2.6E+01, 2.6E+01, 1.3E-06, 2.0E-07, 1.2E-07, 1.0E-07, 9.0E-08, 8.8E-08, 8.8E-08, 2.5E-08, 2.7E-08, 2.9E-08, 3.1E-08, 3.2E-08, 3.4E-08, 3.6E-08, 3.7E-08, 3.9E-08, 4.0E-08, 4.2E-08, 4.4E-08, 4.7E-08, 5.0E-08, 5.3E-08, 5.5E-08, 5.9E-08, 6.3E-08, 6.7E-08, 7.2E-08, 7.7E-08, 8.3E-08, 8.8E-08, 9.1E-08, 1.2E-07, 1.4E-07, 6.1E-09, 8.5E-09, 1.2E-08, 1.7E-07, 5.6E-09, 1.2E-07, 1.5E-07, 1.9E-07, 1.7E-07, 1.6E-07, 1.3E-07, 1.2E-07, 1.2E-07, 1.2E-07, 1.3E-07, 1.3E-07, 1.4E-07, 6.8E-09, 4.1E-07, 1.0E+02, 1.0E+02, 1.0E+02, 1.0E+02, 1.0E+02, 1.0E+02, 1.0E+02, 1.0E+02, 1.0E+02, 1.0E+02, 1.0E+02, 1.0E+02, 1.0E+02, 1.0E+02, 1.0E+02, 1.0E+02, 1.0E+02, 1.1E+02, 1.1E+02, 1.1E+02, 1.1E+02, 1.5E+01, 1.5E+01, 1.5E+01, 1.5E+01, 1.5E+01, 1.5E+01, 1.5E+01, 1.5E+01, 1.5E+01, 1.5E+01, 1.5E+01, 2.9E-06, 6.1E-08, 6.5E-08, 6.9E-08, 7.7E-08, 8.8E-08, 9.9E-08, 1.1E-07, 1.3E-07, 1.5E-07, 1.7E-07, 2.0E-07, 4.5E-08, 4.8E-08, 2.8E-07, 5.7E-08, 5.6E-08, 2.3E-07, 1.4E-07, 6.0E-08, 4.3E-07, 5.4E-07, 6.4E-07, 4.2E-07, 4.0E-07, 5.7E-08, 5.9E-08, 6.1E-08, 7.1E-08, 7.3E-08, 6.9E-08, 7.0E-08, 7.2E-08, 7.3E-08, 7.5E-08, 7.6E-08, 7.7E-08, 7.8E-08, 8.1E-08, 8.9E-08, 8.7E-08, 1.4E-07, 1.7E-07, 1.6E-07, 1.6E-07, 1.4E-07, 1.2E-07, 1.0E-07, 9.3E-08, 9.3E-08, 9.7E-08, 9.7E-08, 9.7E-08, 9.7E-08, 9.7E-08, 9.7E-08, 9.7E-08, 9.7E-08, 9.7E-08, 9.7E-08, 9.8E-08, 9.8E-08, 1.0E-07, 1.0E-07, 1.1E-07, 1.1E-07, 1.1E-07, 1.2E-07, 1.2E-07, 1.3E-07, 1.3E-07, 1.6E-07, 1.8E-07, 1.8E-07, 1.8E-07, 1.5E-07, 1.2E-07, 1.2E-07, 1.4E-07, 3.3E-07, 4.9E-07, 1.0E-08, 1.3E-08, 1.5E-08, 1.1E-07, 8.4E-08, 1.2E-06, 9.6E-08, 1.5E-07, 1.4E-07, 3.6E-07, 1.1E-06, 4.7E-06, 1.0E+02, 1.0E+02, 1.0E+02, 1.0E+02, 1.0E+02, 1.0E+02, 1.0E+02, 1.0E+02, 1.0E+02, 7.5E+00, 8.9E-08, 2.6E+01, 5.6E+01, 1.0E+02, 5.4E+01, 1.1E-07, 1.1E-07, 1.1E-07, 1.0E-07, 8.9E-08, 8.0E-08, 7.1E-08, 6.3E-08, 5.9E-08, 5.8E-08, 7.3E-08, 7.2E-08, 7.2E-08, 7.0E-08, 7.0E-08, 8.2E-08, 2.1E-07, 1.0E-06, 1.0E+02, 1.0E+02, 1.0E+02, 1.0E+02, 1.0E+02, 1.0E+02, 1.0E+02, 1.0E+02, 1.0E+02, 1.0E+02, 1.0E+02, 1.0E+02, 1.0E+02, 1.1E+02, 1.1E+02, 1.1E+02, 1.1E+02, 1.1E+02, 1.1E+02, 1.4E-07, 8.5E-08, 8.8E-08, 9.4E-08, 9.9E-08, 1.1E-07, 1.1E-07, 1.3E-07, 1.4E-07, 1.6E-07, 6.2E-08, 5.7E-08, 6.1E-08, 6.4E-08, 6.8E-08, 7.8E-08, 1.0E-07, 7.2E-08, 1.7E-07, 1.1E-07, 9.6E-08, 1.1E-07, 1.7E-07, 1.1E-07, 2.7E+00, 2.6E+01, 2.6E+01, 1.7E-05, 2.6E+01, 2.6E+01, 2.6E+01, 2.4E+01, 2.6E+01, 6.1E-08, 6.2E-08, 6.5E-08, 6.6E-08, 6.9E-08, 7.0E-08, 7.3E-08, 6.9E-08, 7.0E-08, 7.1E-08, 7.2E-08, 7.4E-08, 7.5E-08, 7.6E-08, 7.7E-08, 7.9E-08, 1.9E-07, 3.1E-07, 1.0E+02, 1.0E+02, 1.0E+02, 1.0E+02, 1.0E+02, 1.0E+02, 1.0E+02, 1.0E+02, 1.0E+02, 1.0E+02, 1.0E+02, 1.0E+02, 1.0E+02, 1.0E+02, 1.0E+02, 1.1E+02, 1.1E+02, 1.1E+02, 1.1E+02, 1.1E+02, 2.0E-07, 1.1E-07, 9.6E-08, 9.0E-08, 8.9E-08, 8.9E-08, 8.9E-08, 8.9E-08, 9.0E-08, 9.3E-08, 9.6E-08, 1.0E-07, 1.1E-07, 1.2E-07, 1.5E-07, 3.2E-08, 4.2E-08, 5.3E-08, 8.9E-08, 8.7E-08, 8.9E-08, 2.7E-07, 1.2E-07, 1.9E-07, 1.0E-07, 1.5E-07, 1.4E-07, 1.2E-07, 1.2E-07, 1.3E-07, 1.7E-07, 6.5E-08, 6.8E-08, 7.0E-08, 6.7E-08, 8.6E-08, 2.0E-07, 1.2E-08, 3.7E-06, 1.0E+02, 1.0E+02, 1.0E+02, 1.0E+02, 1.0E+02, 1.0E+02, 1.0E+02, 1.1E+02, 1.1E+02, 1.1E+02, 1.1E+02, 1.1E+02, 1.1E+02, 1.1E+02, 1.1E+02, 1.1E+02, 1.1E+02, 1.1E+02, 2.6E+01, 2.6E+01, 2.6E+01, 2.6E+01, 2.6E+01, 2.6E+01, 1.5E+01, 1.5E+01, 1.5E+01, 1.7E-08, 1.7E-08, 1.5E-08, 1.5E-08, 1.5E-08, 1.5E-08, 1.8E-08, 2.0E-08, 2.2E-08, 2.4E-08, 2.6E-08, 2.8E-08, 3.0E-08, 3.2E-08, 3.4E-08, 3.5E-08, 3.7E-08, 3.8E-08, 4.0E-08, 4.1E-08, 4.3E-08, 4.6E-08, 4.8E-08, 5.1E-08, 5.3E-08, 5.5E-08, 5.7E-08, 5.9E-08, 6.1E-08, 6.9E-08, 7.1E-08, 7.4E-08, 7.6E-08, 7.8E-08, 8.0E-08, 8.1E-08, 8.3E-08, 8.5E-08, 8.6E-08, 8.7E-08, 8.8E-08, 8.3E-08, 8.0E-08, 8.1E-08, 8.1E-08, 8.2E-08, 8.2E-08, 8.3E-08, 8.5E-08, 9.2E-08, 9.2E-08, 9.2E-08, 1.0E-07, 1.2E-07, 9.7E-08, 9.7E-08, 9.7E-08, 9.7E-08, 9.7E-08, 9.7E-08, 9.7E-08, 9.8E-08, 9.8E-08, 9.9E-08, 1.0E-07, 1.0E-07, 1.0E-07, 1.1E-07, 1.1E-07, 1.1E-07, 1.2E-07, 1.2E-07, 1.3E-07, 1.3E-07, 1.5E-07, 1.7E-07, 1.9E-07, 1.8E-07, 1.7E-07, 1.3E-07, 1.2E-07, 1.3E-07, 2.4E-07, 4.5E-07, 6.8E-09, 1.1E-08, 1.5E-08, 3.7E-08, 1.0E-06, 3.9E-07, 1.4E-07, 9.2E-08, 4.3E-08, 3.9E-08, 1.2E-06, 1.3E-07, 1.9E+01, 1.0E+02, 1.0E+02, 1.0E+02, 1.0E+02, 1.0E+02, 1.0E+02, 1.0E+02, 1.0E+02, 2.8E+01, 2.6E+01, 2.6E+01, 2.6E+01, 2.4E+01, 2.6E+01, 7.8E+00, 1.1E+02, 4.1E+01, 1.1E-07, 1.1E-07, 1.1E-07, 1.0E-07, 9.0E-08, 8.4E-08, 7.6E-08, 7.0E-08, 6.6E-08, 6.4E-08, 6.2E-08, 6.2E-08, 6.3E-08, 6.5E-08, 8.0E-08, 5.7E-08, 7.8E-08, 9.9E-08, 2.3E-07, 8.4E-07, 1.0E+02, 1.0E+02, 1.0E+02, 1.0E+02, 1.0E+02, 1.0E+02, 1.0E+02, 1.0E+02, 1.0E+02, 1.0E+02, 1.0E+02, 1.0E+02, 1.0E+02, 1.0E+02, 1.0E+02, 8.6E+01, 1.6E-07, 6.4E-08, 4.3E-08, 4.0E-08, 3.3E-08, 2.9E-08, 2.7E-08, 2.5E-08, 2.4E-08, 2.0E-08, 2.1E-08, 2.1E-08, 2.2E-08, 2.4E-08, 2.9E-08, 3.4E-08, 4.1E-08, 4.7E-08, 5.4E-08, 6.0E-08, 6.5E-08, 7.1E-08, 7.7E-08, 8.3E-08, 1.3E-09, 1.3E-09, 1.3E-09, 1.4E-09, 1.4E-09, 1.5E-09, 1.7E-09, 1.8E-09, 4.8E-09, 4.3E-09, 1.5E-08, 4.3E-09, 4.0E-09, 3.2E-09, 2.6E-09, 1.3E-07, 1.2E-07, 1.3E-07, 3.8E-09, 4.2E-09, 1.8E-07, 1.4E-07, 1.5E-07, 1.6E-07, 1.2E-08, 4.8E-09, 6.8E-09, 9.7E-09, 7.0E-09, 1.0E+02, 1.0E+02, 1.0E+02, 1.0E+02, 1.0E+02, 1.0E+02, 1.0E+02, 1.0E+02, 1.0E+02, 1.0E+02, 1.0E+02, 1.0E+02, 1.1E+02, 1.1E+02, 1.1E+02, 1.1E+02, 1.1E+02, 1.1E+02, 1.1E+02, 1.1E+02, 1.1E+02, 1.1E+02, 2.7E-07, 2.1E-06, 6.3E-08, 6.5E-08, 6.9E-08, 6.8E-08, 7.0E-08, 7.3E-08, 7.2E-08, 7.3E-08, 7.5E-08, 7.9E-08, 8.3E-08, 9.2E-08, 9.3E-08, 9.4E-08, 1.5E-07, 4.5E-07, 2.3E-07, 1.2E-07, 1.9E-07, 1.7E-07, 3.2E-07, 1.1E-06, 2.6E+01, 2.6E+01, 2.6E+01, 2.6E+01, 2.6E+01, 2.6E+01, 2.6E+01, 4.8E-08, 5.0E-08, 5.3E-08, 7.3E-08, 7.5E-08, 9.3E-08, 1.2E-08, 1.7E-08, 3.1E-09, 1.0E+02, 1.0E+02, 1.0E+02, 1.0E+02, 1.0E+02, 1.0E+02, 1.0E+02, 1.1E+02, 1.1E+02, 1.1E+02, 1.1E+02, 1.1E+02, 1.1E+02, 2.6E+01, 2.6E+01, 2.6E+01, 9.1E-08, 7.2E-08, 6.2E-08, 5.5E-08, 5.1E-08, 4.8E-08, 4.6E-08, 4.5E-08, 4.5E-08, 4.6E-08, 4.6E-08, 4.7E-08, 4.8E-08, 4.9E-08, 4.9E-08, 5.0E-08, 5.2E-08, 5.3E-08, 5.5E-08, 5.7E-08, 5.9E-08, 6.1E-08, 6.3E-08, 6.5E-08, 6.7E-08, 6.9E-08, 7.0E-08, 7.2E-08, 7.3E-08, 7.5E-08, 7.7E-08, 7.9E-08, 8.0E-08, 8.2E-08, 8.4E-08, 8.5E-08, 8.7E-08, 8.8E-08, 9.5E-08, 9.7E-08, 9.8E-08, 1.2E-07, 1.3E-07, 1.3E-07, 9.7E-08, 9.9E-08, 1.0E-07, 1.1E-07, 1.2E-07, 1.4E-07, 1.5E-07, 1.7E-07, 1.7E-07, 1.9E-07, 1.9E-07, 1.6E-07, 1.3E-07, 1.3E-07, 1.5E-07, 1.4E-08, 1.9E-08, 1.0E-08, 1.7E-08, 5.9E-08, 3.5E-08, 4.5E-09, 2.9E-07, 2.1E-07, 1.1E-07, 2.3E-08, 1.1E-06, 7.4E-01, 1.0E+02, 1.0E+02, 1.0E+02, 1.0E+02, 1.0E+02, 1.0E+02, 1.0E+02, 1.6E+01, 8.0E-07, 1.3E-07, 4.0E-07, 4.9E-08, 5.5E-08, 1.2E-07, 3.0E-07, 3.0E-08, 3.9E-08, 1.1E-07, 1.2E-07, 3.7E-08, 1.8E-09, 1.0E-08, 1.2E-09, 1.4E-08, 6.4E-09, 5.5E-08, 7.2E-08, 2.6E+01, 1.3E+01, 2.4E+01, 2.3E+01, 2.6E+01, 2.4E+01, 2.6E+01, 2.6E+01, 2.6E+01, 2.4E+01, 2.6E+01, 2.2E+01, 2.6E+01, 2.0E+01, 2.6E+01, 2.1E+01, 2.1E+01, 2.6E+01, 1.9E+01, 8.5E-09, 2.5E-08, 5.1E-09, 8.8E-09, 2.0E-07, 1.3E-07, 1.2E-07, 1.3E-07, 5.7E-09, 5.2E-08, 4.7E-07, 1.0E+02, 1.0E+02, 1.0E+02, 1.0E+02, 1.0E+02, 1.0E+02, 1.0E+02, 1.0E+02, 1.0E+02, 1.0E+02, 1.0E+02, 1.0E+02, 1.0E+02, 1.1E+02, 1.1E+02, 1.1E+02, 1.1E+02, 1.1E+02, 2.8E-07, 1.8E-07, 1.6E-07, 1.6E-07, 1.7E-07, 6.8E-08, 6.8E-08, 7.0E-08, 7.2E-08, 7.3E-08, 7.6E-08, 7.9E-08, 8.5E-08, 9.0E-08, 9.6E-08, 1.0E-07, 1.2E-07, 1.2E-07, 1.7E-07, 4.0E-06, 1.3E-07, 6.5E-07, 2.4E-07, 3.0E-07, 7.0E-07, 1.8E-07, 2.0E-07, 1.7E-07, 2.8E-07, 2.6E+01, 2.6E+01, 2.6E+01, 6.0E-08, 6.2E-08, 6.4E-08, 6.5E-08, 6.7E-08, 6.8E-08, 1.6E-07, 7.6E-08, 7.8E-08, 8.0E-08, 8.2E-08, 2.1E-07, 6.2E-07, 2.4E-06, 1.0E+02, 1.0E+02, 1.0E+02, 1.0E+02, 1.0E+02, 1.0E+02, 1.0E+02, 1.0E+02, 1.0E+02, 1.1E+02, 1.1E+02, 1.1E+02, 1.1E+02, 1.1E+02, 1.1E+02, 1.1E+02, 1.1E+02, 2.6E+01, 2.6E+01, 2.6E+01, 2.6E+01, 2.6E+01, 2.6E+01, 2.6E+01, 2.6E+01, 2.6E+01, 2.6E+01, 2.6E+01, 2.6E+01, 2.6E+01, 2.6E+01, 2.6E+01, 2.6E+01, 2.6E+01, 1.4E-08, 2.0E-08, 2.2E-08, 2.3E-08, 2.5E-08, 2.7E-08, 2.8E-08, 2.9E-08, 3.0E-08, 3.1E-08, 3.2E-08, 3.3E-08, 3.3E-08, 3.5E-08, 3.7E-08, 3.9E-08, 4.1E-08, 4.2E-08, 4.4E-08, 4.9E-08, 5.5E-08, 6.6E-08, 7.1E-08, 7.3E-08, 7.4E-08, 7.4E-08, 7.4E-08, 7.4E-08, 6.9E-08, 6.9E-08, 7.0E-08, 7.2E-08, 6.7E-08, 7.2E-08, 7.3E-08, 7.3E-08, 7.5E-08, 7.3E-08, 7.2E-08, 7.3E-08, 7.5E-08, 7.7E-08, 9.3E-08, 2.6E-07, 1.5E-07, 1.4E-06, 1.4E-07, 1.0E+02, 1.0E+02, 1.0E+02, 1.0E+02, 1.0E+02, 1.0E+02, 1.0E+02, 1.0E+02, 1.0E+02, 1.0E+02, 1.0E+02, 1.0E+02, 1.0E+02, 1.0E+02, 1.0E+02, 1.0E+02, 1.0E+02, 1.0E+02, 1.0E+02, 1.0E+02, 1.0E+02, 3.2E-07, 9.6E-08, 5.7E-08, 4.3E-08, 3.5E-08, 3.1E-08, 2.8E-08, 2.7E-08, 2.5E-08, 2.1E-08, 2.2E-08, 2.4E-08, 2.6E-08, 2.9E-08, 3.1E-08, 3.3E-08, 3.5E-08, 3.6E-08, 3.8E-08, 3.9E-08, 4.0E-08, 4.2E-08, 4.3E-08, 4.5E-08, 4.7E-08, 5.0E-08, 5.2E-08, 5.5E-08, 5.7E-08, 5.9E-08, 6.1E-08, 6.3E-08, 6.5E-08, 6.7E-08, 6.9E-08, 7.0E-08, 7.2E-08, 7.4E-08, 8.2E-08, 8.5E-08, 8.6E-08, 8.8E-08, 9.0E-08, 9.1E-08, 9.3E-08, 8.7E-08, 8.6E-08, 8.7E-08, 8.8E-08, 8.9E-08, 9.0E-08, 9.1E-08, 9.4E-08, 1.1E-07, 1.1E-07, 1.1E-07, 1.5E-07, 1.2E-07, 1.2E-07, 1.4E-07, 1.7E-07, 2.0E-07, 2.1E-07, 2.0E-07, 1.5E-07, 1.4E-07, 1.6E-07, 3.4E-07, 6.9E-09, 9.5E-09, 1.3E-08, 1.7E-08, 7.2E-07, 2.6E-08, 1.6E-07, 1.3E-07, 4.0E-07, 7.4E-07, 3.5E-07, 7.6E-06, 1.0E+02, 1.0E+02, 1.0E+02, 1.0E+02, 1.0E+02, 1.0E+02, 1.0E+02, 3.3E+01, 3.1E-07, 3.0E-07, 1.9E-07, 2.4E-08, 2.0E-08, 2.6E+01, 2.6E+01, 2.6E+01, 2.6E+01, 2.6E+01, 2.6E+01, 2.6E+01, 2.6E+01, 2.6E+01, 2.6E+01, 2.6E+01, 2.6E+01, 2.5E+01, 2.6E+01, 2.6E+01, 2.6E+01, 5.5E-08, 5.4E-08, 6.7E-08, 1.9E-09, 8.7E-08, 9.4E-08, 1.0E-07, 1.8E-07, 5.7E-09, 1.3E-08, 2.0E-08, 3.7E-08, 1.0E+02, 1.0E+02, 1.0E+02, 1.0E+02, 1.0E+02, 1.0E+02, 1.0E+02, 1.0E+02, 1.0E+02, 1.0E+02, 1.0E+02, 1.0E+02, 1.1E+02, 1.1E+02, 1.1E+02, 1.1E+02, 2.6E+01, 2.6E+01, 1.5E+01, 1.5E+01, 1.5E+01, 1.5E+01, 1.5E+01, 1.5E+01, 1.5E+01, 2.0E-07, 1.2E-07, 9.5E-08, 8.6E-08, 8.3E-08, 8.4E-08, 9.0E-08, 9.8E-08, 1.1E-07, 1.2E-07, 1.3E-07, 1.5E-07, 1.7E-07, 7.4E-08, 8.1E-08, 8.2E-08, 8.8E-08, 9.4E-08, 1.0E-07, 1.1E-07, 7.4E-08, 8.0E-08, 8.9E-08, 1.0E-07, 8.9E-08, 9.8E-08, 7.7E-08, 7.9E-08, 8.1E-08, 8.3E-08, 8.5E-08, 8.7E-08, 8.9E-08, 9.0E-08, 9.2E-08, 9.3E-08, 9.5E-08, 1.2E-07, 8.9E-08, 8.8E-08, 8.9E-08, 9.1E-08, 1.0E-07, 1.1E-07, 1.2E-07, 1.5E-07, 2.6E-07, 2.8E-07, 2.6E-07, 2.2E-07, 1.7E-07, 1.3E-07, 1.3E-07, 1.9E-08, 1.3E-06, 1.0E+02, 1.0E+02, 1.0E+02, 1.0E+02, 1.0E+02, 1.0E+02, 1.0E+02, 1.0E+02, 1.0E+02, 1.0E+02, 1.0E+02, 1.0E+02, 1.1E+02, 1.1E+02, 1.1E+02, 1.1E+02, 1.1E+02, 1.1E+02, 1.1E+02, 1.1E+02, 1.1E+02, 1.1E+02, 1.1E+02, 4.2E-06, 1.6E-06, 1.1E-06, 1.2E-06, 1.2E-07, 2.4E-08, 2.7E-08, 2.4E-08, 2.5E-08, 2.6E-08, 2.7E-08, 2.9E-08, 3.2E-08, 3.3E-08, 3.7E-08, 4.5E-08, 2.8E-07, 4.6E-08, 2.6E+01, 2.6E+01, 2.6E+01, 2.6E+01, 2.0E+01, 1.2E-07, 4.3E-08, 6.8E-08, 1.1E-07, 6.4E-07, 6.2E-06, 2.9E-06, 2.9E-07, 2.5E-07, 2.1E-06, 5.4E-08, 5.7E-08, 1.6E-07, 1.6E-07, 6.4E-08, 6.7E-08, 6.4E-08, 6.6E-08, 6.7E-08, 9.2E-08, 1.1E-08, 2.0E-08, 1.0E+02, 1.0E+02, 1.0E+02, 1.0E+02, 1.0E+02, 1.0E+02, 1.0E+02, 1.0E+02, 1.0E+02, 1.0E+02, 1.1E+02, 1.1E+02, 1.1E+02, 1.1E+02, 1.1E+02, 1.1E+02, 1.1E+02, 1.1E+02, 3.3E-07, 1.5E-07, 1.2E-07, 1.0E-07, 9.2E-08, 8.7E-08, 8.4E-08, 8.4E-08, 8.6E-08, 8.5E-08, 8.9E-08, 9.7E-08, 1.1E-07, 1.2E-07, 1.3E-07, 1.4E-07, 1.5E-07, 3.9E-08, 4.1E-08, 3.9E-08, 4.0E-08, 4.1E-08, 4.3E-08, 4.5E-08, 4.7E-08, 5.0E-08, 5.3E-08, 5.5E-08, 5.7E-08, 6.0E-08, 6.2E-08, 6.4E-08, 6.6E-08, 6.8E-08, 6.9E-08, 7.1E-08, 7.3E-08, 7.4E-08, 7.6E-08, 8.5E-08, 8.6E-08, 8.9E-08, 8.1E-08, 8.3E-08, 8.4E-08, 8.5E-08, 8.6E-08, 8.8E-08, 9.0E-08, 9.4E-08, 1.8E-07, 1.8E-07, 1.4E-07, 1.1E-07, 1.0E-07, 1.2E-07, 1.2E-07, 1.3E-07, 1.3E-07, 1.4E-07, 1.8E-07, 2.0E-07, 2.1E-07, 1.7E-07, 1.3E-07, 1.5E-07, 1.7E-07, 4.3E-07, 7.4E-09, 1.1E-08, 2.6E-08, 3.3E-08, 3.7E-06, 1.9E-08, 9.0E-07, 1.1E-06, 7.9E-08, 4.0E-07, 1.3E-07, 4.0E+01, 1.0E+02, 1.0E+02, 1.0E+02, 1.0E+02, 1.0E+02, 1.0E+02, 1.0E+02, 7.2E-07, 6.6E-07, 2.6E-07, 7.0E-08, 2.3E-07, 8.5E-08, 1.2E-07, 4.4E-08, 1.2E-07, 5.9E-09, 9.9E-08, 3.0E-08, 2.9E-08, 5.4E-08, 4.6E-09, 2.4E-07, 3.3E-09, 2.7E-11, 1.2E-08, 2.1E-08, 6.8E-12, 6.1E-08, 2.6E+01, 2.6E+01, 2.6E+01, 8.2E+01, 1.0E+02, 6.8E+01, 4.1E-09, 6.1E-09, 1.6E-07, 1.7E-07, 6.0E-08, 1.1E-05, 1.0E+02, 1.0E+02, 1.0E+02, 1.0E+02, 1.0E+02, 1.1E+02, 1.1E+02, 1.1E+02, 1.1E+02, 1.1E+02, 1.1E+02, 1.1E+02, 1.1E+02, 1.1E+02, 1.1E+02, 1.1E+02, 1.1E+02, 1.1E+02, 2.6E+01, 2.6E+01, 2.6E+01, 2.6E+01, 2.6E+01, 2.6E+01, 2.6E+01, 2.6E+01, 2.6E+01, 2.6E+01, 2.6E+01, 2.6E+01, 2.6E+01, 2.6E+01, 2.6E+01, 3.8E-07, 1.9E-07, 1.4E-07, 1.3E-08, 1.3E-08, 1.4E-08, 1.4E-08, 1.5E-08, 1.6E-08, 1.9E-08, 1.9E-08, 2.2E-08, 2.6E-08, 2.9E-08, 3.2E-08, 3.5E-08, 3.7E-08, 3.9E-08, 4.1E-08, 5.5E-08, 4.5E-08, 4.8E-08, 5.2E-08, 5.5E-08, 5.9E-08, 6.1E-08, 6.4E-08, 6.6E-08, 8.7E-08, 6.8E-08, 8.4E-08, 9.9E-08, 9.6E-08, 9.5E-08, 1.1E-07, 8.7E-08, 8.9E-08, 9.0E-08, 9.2E-08, 9.3E-08, 8.6E-08, 1.3E-07, 2.2E-07, 7.1E-07, 4.4E-09, 1.0E+02, 1.0E+02, 1.0E+02, 1.0E+02, 1.0E+02, 1.0E+02, 1.0E+02, 1.0E+02, 1.0E+02, 1.0E+02, 1.0E+02, 1.0E+02, 1.0E+02, 1.0E+02, 1.0E+02, 1.1E+02, 1.1E+02, 1.1E+02, 1.1E+02, 1.1E+02, 8.2E+01, 1.5E+01, 1.5E+01, 1.5E+01, 1.5E+01, 1.5E+01, 1.5E+01, 1.5E+01, 1.5E+01, 1.2E-07, 1.3E-07, 1.4E-07, 1.6E-07, 1.8E-07, 2.0E-07, 2.4E-07, 2.0E-08, 2.6E-08, 2.9E-08, 3.1E-08, 3.2E-08, 3.3E-08, 3.6E-08, 3.6E-08, 3.8E-08, 4.0E-08, 4.2E-08, 4.4E-08, 4.6E-08, 4.9E-08, 5.2E-08, 5.5E-08, 5.8E-08, 6.0E-08, 6.3E-08, 6.5E-08, 6.8E-08, 6.6E-08, 6.6E-08, 6.8E-08, 6.9E-08, 7.0E-08, 7.2E-08, 7.3E-08, 9.7E-08, 1.7E-07, 4.0E-09, 4.6E-09, 1.3E-08, 1.0E+02, 1.0E+02, 1.0E+02, 1.0E+02, 1.0E+02, 1.0E+02, 1.0E+02, 1.0E+02, 1.0E+02, 1.0E+02, 1.0E+02, 1.0E+02, 1.0E+02, 1.0E+02, 1.0E+02, 1.0E+02, 1.0E+02, 1.0E+02, 3.1E-07, 1.0E-07, 6.0E-08, 4.5E-08, 3.7E-08, 1.5E+01, 1.5E+01, 1.5E+01, 1.5E+01, 1.5E+01, 1.5E+01, 1.5E+01, 1.5E+01, 1.5E+01, 1.5E+01, 6.0E-08, 6.2E-08, 6.3E-08, 6.4E-08, 6.6E-08, 6.7E-08, 6.9E-08, 7.1E-08, 7.4E-08, 7.7E-08, 8.1E-08, 8.6E-08, 9.3E-08, 1.0E-07, 1.1E-07, 1.2E-07, 1.4E-07, 1.6E-07, 1.9E-07, 5.9E-08, 6.0E-08, 6.9E-08, 7.1E-08, 7.3E-08, 7.5E-08, 7.7E-08, 7.9E-08, 8.1E-08, 8.3E-08, 8.5E-08, 8.6E-08, 8.8E-08, 8.9E-08, 9.0E-08, 9.1E-08, 1.1E-07, 1.1E-07, 8.6E-08, 8.4E-08, 8.4E-08, 8.5E-08, 8.5E-08, 8.6E-08, 8.7E-08, 8.7E-08, 8.8E-08, 8.9E-08, 9.6E-08, 9.7E-08, 1.0E-07, 1.1E-07, 1.1E-07, 1.5E-07, 1.0E-07, 1.0E-07, 1.0E-07, 1.3E-07, 1.1E-07, 1.2E-07, 1.2E-07, 1.2E-07, 1.3E-07, 1.3E-07, 1.4E-07, 1.6E-07, 1.8E-07, 1.9E-07, 1.8E-07, 1.6E-07, 1.3E-07, 1.2E-07, 1.3E-07, 2.0E-07, 4.4E-07, 5.9E-07, 9.7E-09, 1.4E-08, 2.4E-08, 1.1E-06, 1.4E-06, 7.8E-07, 8.1E-08, 6.5E-08, 1.6E-06, 1.1E-07, 1.8E-07, 2.8E-07, 1.0E+02, 1.0E+02, 1.0E+02, 1.0E+02, 1.0E+02, 1.0E+02, 1.0E+02, 1.0E+02, 1.0E+02, 3.1E+01, 1.0E-07, 1.1E-07, 7.4E+01, 1.0E+02, 5.3E+01, 1.1E-07, 1.1E-07, 1.8E-07, 4.7E-09, 4.1E-07, 2.7E-07, 1.0E+02, 1.0E+02, 1.0E+02, 1.0E+02, 1.0E+02, 1.0E+02, 1.1E+02, 1.1E+02, 1.1E+02, 1.1E+02, 1.1E+02, 1.1E+02, 2.6E+01, 2.6E+01, 2.6E+01, 2.6E+01, 2.6E+01, 2.6E+01, 2.6E+01, 2.6E+01, 2.6E+01, 1.5E-08, 1.4E-08, 1.4E-08, 1.5E-08, 1.5E-08, 1.5E-08, 1.6E-08, 1.8E-08, 2.1E-08, 2.3E-08, 2.5E-08, 2.3E-08, 2.4E-08, 2.9E-08, 3.0E-08, 3.1E-08, 3.4E-08, 3.6E-08, 3.9E-08, 4.1E-08, 4.4E-08, 4.6E-08, 4.8E-08, 5.2E-08, 5.6E-08, 5.9E-08, 6.4E-08, 6.4E-08, 6.6E-08, 6.9E-08, 7.1E-08, 7.4E-08, 7.7E-08, 7.8E-08, 8.1E-08, 1.0E-07, 8.4E-08, 1.0E-07, 1.3E-07, 1.6E-07, 9.2E-08, 1.7E-07, 9.4E-08, 9.5E-08, 9.5E-08, 9.6E-08, 1.1E-07, 1.2E-07, 1.1E-07, 1.2E-07, 1.2E-07, 1.4E-07, 1.8E-07, 1.9E-07, 1.7E-07, 1.3E-07, 3.2E-07, 1.0E+02, 1.0E+02, 1.0E+02, 1.0E+02, 1.0E+02, 1.0E+02, 1.0E+02, 1.0E+02, 1.0E+02, 1.0E+02, 1.1E+02, 1.1E+02, 1.1E+02, 1.1E+02, 1.1E+02, 1.1E+02, 1.1E+02, 1.1E+02, 1.1E+02, 1.1E+02, 1.1E+02, 1.1E+02, 5.5E+01, 3.3E-06, 1.4E-06, 9.7E-07, 2.0E-08, 2.5E-08, 2.3E-08, 2.4E-08, 5.2E-08, 5.5E-08, 5.8E-08, 6.0E-08, 6.1E-08, 6.3E-08, 6.5E-08, 6.8E-08, 7.3E-08, 6.6E-08, 7.2E-08, 2.3E-07, 3.0E-07, 1.3E-07, 1.1E-07, 2.0E-07, 2.6E-07, 4.5E-07, 2.5E-06, 2.6E+01, 2.6E+01, 2.6E+01, 2.6E+01, 3.8E-09, 2.6E-08, 1.0E+02, 1.0E+02, 1.0E+02, 1.0E+02, 1.0E+02, 1.0E+02, 1.0E+02, 1.0E+02, 1.0E+02, 1.0E+02, 1.0E+02, 1.0E+02, 1.0E+02, 1.0E+02, 4.9E+01, 3.5E-07, 1.2E-07, 8.3E-08, 6.8E-08, 5.9E-08, 5.4E-08, 5.1E-08, 4.9E-08, 4.9E-08, 5.0E-08, 5.1E-08, 5.1E-08, 5.2E-08, 5.3E-08, 5.4E-08, 5.5E-08, 5.6E-08, 5.9E-08, 6.1E-08, 6.3E-08, 6.4E-08, 6.6E-08, 6.7E-08, 6.8E-08, 7.0E-08, 7.2E-08, 7.4E-08, 7.6E-08, 7.8E-08, 8.0E-08, 8.2E-08, 8.4E-08, 8.5E-08, 8.7E-08, 8.8E-08, 8.9E-08, 9.1E-08, 9.2E-08, 9.3E-08, 9.4E-08, 9.5E-08, 9.6E-08, 1.2E-07, 1.3E-07, 1.0E-07, 1.1E-07, 1.1E-07, 1.1E-07, 1.3E-07, 1.4E-07, 1.6E-07, 1.9E-07, 2.3E-07, 2.7E-07, 2.0E-07, 1.6E-07, 1.3E-07, 1.4E-07, 1.6E-07, 3.5E-07, 5.3E-09, 7.7E-09, 9.9E-09, 2.7E-08, 6.8E-07, 4.8E-07, 7.1E-08, 1.0E-06, 1.3E-07, 5.9E-08, 1.4E-07, 7.8E+00, 1.0E+02, 1.0E+02, 1.0E+02, 1.0E+02, 1.0E+02, 1.0E+02, 1.0E+02, 1.4E-05, 1.7E-06, 5.7E-07, 4.9E-07, 4.9E-07, 1.4E-07, 3.4E-07, 4.0E-07, 1.0E-08, 1.2E-08, 7.7E-08, 3.2E-07, 6.4E-08, 8.6E-10, 3.7E-09, 2.2E-07, 5.1E-08, 1.3E-09, 2.1E+00, 6.3E+00, 5.8E+00, 6.1E+00, 6.5E+00, 6.9E+00, 8.2E+00, 9.6E+00, 1.2E+01, 2.8E+01, 2.4E+01, 2.3E+01, 2.0E+01, 1.8E+01, 1.7E+01, 1.6E+01, 1.5E+01, 1.5E+01, 1.3E+01, 1.4E+01, 1.0E+01, 1.7E+01, 1.0E+01, 1.3E+01, 1.2E+01, 1.3E+01, 1.3E+01, 1.3E+01, 1.3E+01, 1.3E+01, 1.1E+01, 2.5E+01, 2.2E+01, 2.6E+01, 1.1E+02, 1.0E+02, 8.4E+01, 2.0E-09, 1.4E-07, 1.9E-07, 1.3E-07, 1.1E-07, 1.0E-07, 1.5E-07, 6.5E-09, 3.8E-07, 1.0E+02, 1.0E+02, 1.0E+02, 1.0E+02, 1.0E+02, 1.0E+02, 1.0E+02, 1.0E+02, 1.0E+02, 1.0E+02, 1.0E+02, 1.0E+02, 1.0E+02, 1.1E+02, 1.1E+02, 1.1E+02, 1.1E+02, 1.1E+02, 3.2E-06, 3.8E-07, 2.8E-07, 2.4E-07, 2.3E-07, 8.5E-08, 8.1E-08, 7.8E-08, 7.7E-08, 7.8E-08, 8.0E-08, 8.2E-08, 9.3E-08, 1.1E-07, 1.2E-07, 1.2E-07, 1.3E-07, 1.5E-07, 1.7E-07, 2.1E-07, 9.1E-08, 1.0E-07, 9.6E-08, 1.1E-07, 1.1E-07, 1.2E-07, 1.3E-07, 1.4E-07, 2.1E-07, 9.7E-08, 3.1E-07, 1.5E-07, 9.3E-08, 9.5E-08, 9.6E-08, 8.9E-08, 8.9E-08, 9.0E-08, 9.6E-08, 9.6E-08, 9.7E-08, 1.0E-07, 1.0E-07, 1.1E-07, 1.1E-07, 1.2E-07, 2.7E-07, 2.4E-07, 1.0E+02, 1.0E+02, 1.0E+02, 1.0E+02, 1.0E+02, 1.0E+02, 1.0E+02, 1.0E+02, 1.0E+02, 1.1E+02, 1.1E+02, 1.1E+02, 1.1E+02, 1.1E+02, 1.1E+02, 1.1E+02, 1.1E+02, 1.1E+02, 1.1E+02, 1.1E+02, 1.1E+02, 2.6E+01, 2.6E+01, 2.6E+01, 2.6E+01, 2.6E+01, 1.5E+01, 1.5E+01, 1.5E+01, 7.5E-08, 6.3E-08, 5.6E-08, 5.2E-08, 5.2E-08, 5.5E-08, 5.9E-08, 6.4E-08, 7.0E-08, 7.9E-08, 9.5E-08, 1.1E-07, 1.4E-07, 1.7E-07, 2.0E-07, 2.5E-07, 3.5E-07, 5.1E-08, 6.6E-08, 1.2E-07, 4.6E-07, 8.3E+00, 2.6E+01, 2.6E+01, 2.6E+01, 2.6E+01, 8.2E-08, 1.1E-07, 1.7E-07, 1.3E-07, 1.7E-07, 9.1E-08, 8.9E-08, 7.1E-08, 7.1E-08, 7.2E-08, 7.4E-08, 7.5E-08, 7.6E-08, 7.8E-08, 8.6E-08, 8.8E-08, 9.0E-08, 9.2E-08, 9.3E-08, 9.5E-08, 9.6E-08, 9.7E-08, 1.2E-07, 9.9E-08, 1.6E-07, 4.1E-07, 1.0E+02, 1.0E+02, 1.0E+02, 1.0E+02, 1.0E+02, 1.0E+02, 1.0E+02, 1.0E+02, 1.0E+02, 1.1E+02, 1.1E+02, 1.1E+02, 1.1E+02, 1.1E+02, 1.1E+02, 1.1E+02, 1.1E+02, 1.1E+02, 1.1E+02, 1.1E+02, 1.1E+02, 1.1E+02, 3.2E-07, 2.5E-07, 2.4E-07, 2.3E-07, 2.2E-07, 2.2E-07, 2.2E-07, 2.2E-07, 2.2E-07, 2.1E-07, 2.2E-07, 2.3E-07, 2.3E-07, 2.4E-07, 2.4E-07, 2.5E-07, 2.5E-07, 2.6E-07, 2.7E-07, 2.8E-07, 2.8E-07, 3.3E-08, 3.5E-08, 3.7E-08, 3.9E-08, 4.1E-08, 4.2E-08, 4.4E-08, 4.7E-08, 5.0E-08, 5.3E-08, 5.6E-08, 5.9E-08, 6.1E-08, 6.3E-08, 6.5E-08, 6.7E-08, 6.9E-08, 7.1E-08, 7.3E-08, 7.5E-08, 7.6E-08, 7.7E-08, 8.7E-08, 8.8E-08, 8.6E-08, 8.3E-08, 8.4E-08, 8.5E-08, 8.6E-08, 8.8E-08, 8.9E-08, 9.0E-08, 9.3E-08, 1.4E-07, 2.1E-07, 1.8E-07, 1.6E-07, 1.5E-07, 1.4E-07, 1.2E-07, 1.4E-07, 1.5E-07, 1.9E-07, 2.1E-07, 2.1E-07, 1.7E-07, 3.7E-09, 5.6E-09, 1.2E-08, 4.5E-07, 7.4E-09, 1.2E-08, 1.5E-08, 5.3E-08, 1.2E-07, 8.4E-08, 1.2E-07, 2.4E-07, 3.5E-07, 7.1E-08, 6.0E-07, 7.0E+01, 1.0E+02, 1.0E+02, 1.0E+02, 1.0E+02, 1.0E+02, 1.0E+02, 6.6E+01, 2.8E-07, 9.1E-07, 2.0E-07, 2.5E-08, 1.8E-08, 1.2E-07, 2.6E+01, 2.5E+01, 2.6E+01, 2.6E+01, 2.6E+01, 1.5E+01, 2.6E+01, 2.6E+01, 2.6E+01, 1.4E+01, 2.6E+01, 3.4E-09, 1.1E-08, 5.8E-09, 1.1E-07, 1.1E-07, 1.2E-07, 1.1E-07, 9.6E-08, 9.0E-08, 8.5E-08, 9.5E-08, 1.5E-07, 1.4E-07, 1.0E-08, 4.3E-07, 2.6E-06, 1.0E+02, 1.0E+02, 1.0E+02, 1.0E+02, 1.0E+02, 1.0E+02, 1.0E+02, 1.0E+02, 1.0E+02, 1.0E+02, 1.0E+02, 1.0E+02, 1.1E+02, 1.1E+02, 1.1E+02, 1.1E+02, 9.3E+01, 4.0E-07, 1.1E-07, 7.8E-08, 6.8E-08, 6.3E-08, 6.2E-08, 6.1E-08, 6.1E-08, 6.3E-08, 6.6E-08, 6.9E-08, 7.4E-08, 7.6E-08, 9.8E-08, 2.0E-07, 4.1E-07, 1.0E-07, 5.0E-07, 2.4E-07, 2.6E-07, 3.4E-07, 1.8E-07, 6.0E-07, 3.0E-07, 1.7E-07, 5.0E-07, 2.6E+01, 2.6E+01, 2.6E+01, 2.6E+01, 2.6E+01, 2.6E+01, 7.3E-08, 7.3E-08, 7.3E-08, 7.7E-09, 1.0E+02, 1.0E+02, 1.0E+02, 1.0E+02, 1.0E+02, 1.0E+02, 1.0E+02, 1.0E+02, 1.0E+02, 1.1E+02, 1.1E+02, 1.1E+02, 1.1E+02, 1.1E+02, 1.1E+02, 1.1E+02, 1.1E+02, 3.3E+01, 2.6E+01, 2.6E+01, 2.6E+01, 2.6E+01, 2.6E+01, 2.6E+01, 2.6E+01, 2.6E+01, 2.6E+01, 2.6E+01, 2.6E+01, 2.6E+01, 2.6E+01, 2.6E+01, 1.3E-08, 1.3E-08, 1.3E-08, 1.6E-08, 1.7E-08, 1.7E-08, 2.1E-08, 2.2E-08, 2.4E-08, 2.6E-08, 2.8E-08, 3.0E-08, 3.1E-08, 3.3E-08, 3.5E-08, 3.6E-08, 3.7E-08, 3.9E-08, 4.0E-08, 4.2E-08, 4.5E-08, 4.7E-08, 5.0E-08, 5.4E-08, 6.0E-08, 7.1E-08, 7.8E-08, 8.5E-08, 8.8E-08, 8.7E-08, 8.6E-08, 8.6E-08, 8.6E-08, 8.7E-08, 8.8E-08, 8.9E-08, 9.1E-08, 9.2E-08, 9.4E-08, 1.2E-07, 1.2E-07, 9.3E-08, 9.4E-08, 9.1E-08, 9.3E-08, 9.5E-08, 9.9E-08, 1.0E-07, 1.1E-07, 1.1E-07, 1.2E-07, 1.2E-07, 1.3E-07, 1.5E-07, 1.8E-07, 5.4E-08, 1.0E+02, 1.0E+02, 1.0E+02, 1.0E+02, 1.0E+02, 1.0E+02, 1.0E+02, 1.0E+02, 1.0E+02, 1.0E+02, 1.0E+02, 1.0E+02, 1.0E+02, 1.0E+02, 1.0E+02, 1.1E+02, 1.1E+02, 1.1E+02, 1.1E+02, 1.1E+02, 1.1E+02, 1.1E+02, 1.5E+01, 1.5E+01, 1.5E+01, 1.5E+01, 5.7E-08, 2.9E-08, 3.0E-08, 4.2E-08, 5.7E-08, 7.3E-08, 8.4E-08, 9.1E-08, 9.6E-08, 9.6E-08, 9.1E-08, 8.2E-08, 7.1E-08, 6.1E-08, 6.1E-08, 7.0E-08, 8.8E-08, 1.1E-07, 1.4E-07, 2.4E-07, 3.0E-07, 9.0E-08, 1.0E-07, 9.8E-08, 1.0E-07, 1.2E-07, 1.3E-07, 1.9E-07, 7.1E-07, 1.5E-07, 1.6E-07, 8.0E-07, 6.4E-08, 6.6E-08, 6.8E-08, 7.0E-08, 6.5E-08, 7.3E-08, 7.5E-08, 7.6E-08, 7.8E-08, 7.9E-08, 8.1E-08, 8.2E-08, 8.4E-08, 1.2E-07, 1.2E-07, 9.2E-08, 1.6E-07, 1.6E-07, 1.7E-07, 1.7E-07, 1.5E-07, 1.4E-07, 1.4E-07, 1.2E-07, 1.1E-07, 1.1E-07, 1.3E-07, 1.4E-07, 1.5E-07, 1.9E-07, 2.0E-07, 2.0E-07, 1.6E-07, 1.3E-07, 1.4E-07, 2.2E-07, 4.9E-09, 6.2E-09, 1.3E-08, 1.0E-08, 5.5E-08, 1.6E-07, 4.2E-08, 1.0E-07, 2.8E-07, 7.5E-08, 2.0E-08, 8.4E-08, 7.8E+01, 1.0E+02, 1.0E+02, 1.0E+02, 1.0E+02, 1.0E+02, 1.0E+02, 5.9E+01, 7.1E-07, 3.3E-07, 1.5E-07, 3.0E-09, 3.1E-09, 4.5E-09, 1.0E-07, 1.3E-07, 6.2E-09, 1.3E-07, 6.0E-09, 7.0E-08, 2.6E+01, 2.3E+01, 1.1E+02, 1.1E+02, 1.1E+02, 1.1E+02, 1.0E+02, 1.0E+02, 1.0E+02, 1.0E+02, 1.0E+02, 1.0E+02, 1.0E+02, 1.0E+02, 1.0E+02, 1.1E+02, 1.1E+02, 1.1E+02, 1.1E+02, 1.1E+02, 1.1E+02, 2.6E+01, 2.6E+01, 2.6E+01, 2.6E+01, 2.6E+01, 2.6E+01, 2.6E+01, 2.6E+01, 2.6E+01, 2.6E+01, 2.6E+01, 3.7E-07, 1.7E-07, 1.2E-07, 9.9E-08, 8.9E-08, 8.5E-08, 8.5E-08, 8.7E-08, 1.5E-08, 1.7E-08, 1.5E-08, 1.7E-08, 2.3E-08, 2.4E-08, 2.6E-08, 2.7E-08, 2.9E-08, 3.2E-08, 3.4E-08, 3.6E-08, 3.8E-08, 5.4E-08, 4.1E-08, 4.2E-08, 4.4E-08, 4.8E-08, 5.2E-08, 5.6E-08, 6.0E-08, 6.4E-08, 8.7E-08, 8.6E-08, 9.6E-08, 1.4E-07, 1.3E-07, 1.1E-07, 8.4E-08, 8.5E-08, 9.0E-08, 9.2E-08, 1.2E-07, 1.2E-07, 9.0E-08, 9.4E-08, 9.7E-08, 1.0E-07, 1.1E-07, 1.2E-07, 1.2E-07, 1.3E-07, 1.5E-07, 1.8E-07, 2.0E-07, 1.9E-07, 1.6E-07, 1.3E-07, 1.4E-07, 1.5E-07, 3.6E-07, 5.5E-09, 8.1E-09, 9.9E-09, 2.4E-08, 3.5E-07, 1.0E+02, 1.0E+02, 1.0E+02, 1.0E+02, 1.0E+02, 1.0E+02, 1.0E+02, 1.0E+02, 1.0E+02, 1.0E+02, 1.0E+02, 1.0E+02, 1.1E+02, 1.1E+02, 1.1E+02, 1.1E+02, 1.1E+02, 1.1E+02, 1.1E+02, 1.1E+02, 1.1E+02, 1.1E+02, 4.4E+01, 3.9E-06, 1.3E-06, 2.2E-08, 3.2E-08, 8.7E-08, 8.3E-08, 7.1E-08, 6.9E-08, 8.6E-08, 6.3E-08, 7.5E-08, 5.8E-07, 2.6E+01, 2.6E+01, 2.6E+01, 2.6E+01, 2.6E+01, 2.6E+01, 9.8E-07, 1.5E-07, 1.2E-07, 1.2E-07, 2.3E-07, 1.5E-07, 1.2E-07, 1.9E-07, 1.8E-07, 1.4E-07, 4.4E-08, 4.6E-08, 4.8E-08, 5.0E-08, 5.3E-08, 5.6E-08, 5.9E-08, 5.9E-08, 6.1E-08, 6.3E-08, 6.5E-08, 6.7E-08, 6.8E-08, 7.0E-08, 7.1E-08, 7.2E-08, 7.4E-08, 7.5E-08, 7.6E-08, 7.8E-08, 1.1E-07, 3.7E-07, 7.3E-08, 5.2E-07, 1.0E+02, 1.0E+02, 1.0E+02, 1.0E+02, 1.0E+02, 1.0E+02, 1.0E+02, 1.0E+02, 1.0E+02, 1.0E+02, 1.0E+02, 1.0E+02, 1.0E+02, 1.0E+02, 1.0E+02, 1.0E+02, 1.0E+02, 1.1E+02, 1.1E+02, 1.1E+02, 4.3E-07, 1.6E-07, 1.1E-07, 1.0E-07, 9.3E-08, 8.9E-08, 8.7E-08, 8.7E-08, 1.8E-07, 1.9E-07, 2.0E-07, 2.1E-07, 2.3E-07, 2.5E-07, 2.9E-07, 1.3E-07, 1.4E-07, 1.5E-07, 1.6E-07, 1.6E-07, 2.7E-07, 3.2E-07, 1.8E-07, 3.3E-07, 4.3E-07, 2.3E-07, 1.8E-07, 2.8E-07, 2.7E-07, 3.2E-07, 5.9E-08, 5.9E-08, 6.0E-08, 6.2E-08, 6.3E-08, 6.5E-08, 6.6E-08, 6.7E-08, 6.9E-08, 7.6E-08, 8.2E-08, 1.2E-07, 1.5E-07, 1.7E-07, 1.7E-07, 1.7E-07, 1.7E-07, 9.6E-08, 9.7E-08, 9.8E-08, 9.5E-08, 9.5E-08, 1.0E-07, 1.0E-07, 1.1E-07, 1.1E-07, 1.2E-07, 1.2E-07, 1.3E-07, 1.3E-07, 1.7E-07, 1.9E-07, 1.9E-07, 1.7E-07, 1.3E-07, 1.4E-07, 1.6E-07, 4.2E-07, 7.2E-09, 1.2E-08, 1.0E-08, 3.5E-08, 1.6E-07, 2.0E-08, 4.7E-08, 4.6E-07, 7.0E-08, 8.9E-07, 9.7E-07, 2.7E+01, 1.0E+02, 1.0E+02, 1.0E+02, 1.0E+02, 1.0E+02, 1.0E+02, 1.0E+02, 2.6E-05, 8.4E-08, 2.6E-07, 2.7E-07, 1.5E-07, 1.5E-07, 2.5E+01, 2.6E+01, 2.5E+01, 2.6E+01, 2.6E+01, 2.1E+01, 2.6E+01, 2.5E+01, 2.6E+01, 6.6E-05, 1.5E-08, 3.3E-08, 4.9E-09, 1.2E-07, 1.8E-07, 2.4E-07, 2.1E-07, 9.3E-08, 8.7E-08, 8.4E-08, 9.1E-08, 9.0E-08, 9.0E-08, 8.9E-08, 8.9E-08, 8.9E-08, 8.9E-08, 7.9E-08, 1.5E-07, 3.1E-08, 5.5E-07, 1.0E+02, 1.0E+02, 1.0E+02, 1.0E+02, 1.0E+02, 1.0E+02, 1.0E+02, 1.0E+02, 1.0E+02, 1.0E+02, 1.0E+02, 1.0E+02, 1.0E+02, 1.0E+02, 1.1E+02, 1.1E+02, 1.1E+02, 1.1E+02, 1.1E+02, 1.1E+02, 3.3E-07, 1.8E-07, 1.7E-07, 1.9E-07, 6.7E-08, 6.9E-08, 7.1E-08, 7.3E-08, 7.5E-08, 7.7E-08, 8.1E-08, 8.9E-08, 1.2E-07, 1.1E-07, 1.0E-07, 1.3E-07, 2.6E+01, 2.6E+01, 2.6E+01, 2.6E+01, 2.6E+01, 2.6E+01, 2.6E+01, 2.6E+01, 2.3E+01, 2.1E+01, 1.8E+01, 1.7E+01, 1.4E+01, 1.4E+01, 1.3E+01, 4.2E-08, 4.3E-08, 4.4E-08, 4.3E-08, 4.5E-08, 4.6E-08, 4.8E-08, 5.1E-08, 5.3E-08, 5.5E-08, 5.7E-08, 5.9E-08, 6.0E-08, 6.2E-08, 8.0E-08, 1.1E-07, 1.7E-07, 1.1E-07, 1.0E-07, 1.0E+02, 1.0E+02, 1.0E+02, 1.0E+02, 1.0E+02, 1.0E+02, 1.0E+02, 1.0E+02, 1.0E+02, 1.0E+02, 1.0E+02, 1.0E+02, 1.1E+02, 1.1E+02, 1.1E+02, 1.1E+02, 1.1E+02, 6.7E+01, 3.8E-07, 2.7E-07, 1.9E-07, 1.7E-07, 1.6E-07, 4.9E-08, 4.5E-08, 4.3E-08, 4.3E-08, 4.7E-08, 7.3E-08, 4.3E-08, 1.5E-07, 4.2E-08, 7.7E-08, 7.4E-08, 6.7E-08, 1.5E-07, 6.3E-08, 6.8E-07, 2.1E-06, 2.6E+01, 2.6E+01, 1.7E-07, 1.2E-06, 4.6E-07, 1.6E+01, 2.6E+01, 2.6E+01, 5.1E-08, 5.2E-08, 5.5E-08, 5.5E-08, 8.5E-08, 1.8E-07, 9.6E-09, 1.0E+02, 1.0E+02, 1.0E+02, 1.0E+02, 1.0E+02, 1.0E+02, 1.0E+02, 1.0E+02, 1.0E+02, 1.0E+02, 1.0E+02, 1.1E+02, 1.1E+02, 1.1E+02, 1.1E+02, 8.8E+01, 2.6E+01, 2.6E+01, 2.6E+01, 4.8E-08, 3.9E-08, 3.3E-08, 3.0E-08, 2.7E-08, 2.7E-08, 2.8E-08, 3.0E-08, 3.2E-08, 3.4E-08, 3.5E-08, 3.7E-08, 3.8E-08, 4.0E-08, 4.1E-08, 4.2E-08, 4.3E-08, 4.5E-08, 4.6E-08, 4.8E-08, 5.1E-08, 5.3E-08, 5.6E-08, 5.8E-08, 6.0E-08, 6.2E-08, 6.4E-08, 6.6E-08, 6.8E-08, 6.9E-08, 7.1E-08, 7.3E-08, 7.4E-08, 7.6E-08, 7.8E-08, 8.0E-08, 8.1E-08, 8.3E-08, 9.1E-08, 9.2E-08, 9.4E-08, 9.5E-08, 9.7E-08, 1.2E-07, 1.3E-07, 9.5E-08, 9.5E-08, 9.7E-08, 9.8E-08, 1.1E-07, 1.2E-07, 1.3E-07, 1.4E-07, 1.5E-07, 1.6E-07, 2.0E-07, 2.4E-07, 2.8E-07, 1.7E-07, 1.3E-07, 1.3E-07, 1.4E-07, 2.7E-07, 4.5E-07, 6.6E-09, 8.4E-09, 3.4E-08, 7.4E-08, 4.3E-09, 1.1E-07, 4.7E-07, 2.7E-07, 3.6E-08, 1.5E-07, 5.4E-07, 1.0E+02, 1.0E+02, 1.0E+02, 1.0E+02, 1.0E+02, 1.0E+02, 1.0E+02, 2.9E+01, 7.0E-07, 3.5E-07, 2.3E-07, 6.5E-08, 4.8E-08, 3.0E-08, 2.4E-08, 3.0E-08, 3.4E-08, 2.1E-08, 2.6E+01, 1.8E+01, 2.6E+01, 2.5E+01, 2.6E+01, 2.5E+01, 2.6E+01, 2.2E+01, 2.6E+01, 2.6E+01, 1.6E+01, 2.6E+01, 1.9E+01, 2.2E+01, 2.6E+01, 1.5E+01, 1.3E-09, 1.3E-08, 8.0E-08, 7.9E-08, 8.1E-08, 8.1E-08, 8.2E-08, 8.2E-08, 8.5E-08, 8.4E-08, 8.6E-08, 8.7E-08, 8.3E-08, 8.5E-08, 2.9E-09, 1.2E-07, 4.2E-09, 1.2E-07, 1.3E-07, 2.3E-07, 1.2E-07, 1.0E-07, 1.6E-07, 1.2E-07, 1.1E-07, 1.1E-07, 1.2E-07, 1.2E-07, 1.4E-07, 1.3E-07, 1.0E+02, 1.0E+02, 1.0E+02, 1.0E+02, 1.0E+02, 1.0E+02, 1.0E+02, 1.0E+02, 1.0E+02, 1.0E+02, 1.1E+02, 1.1E+02, 1.1E+02, 1.1E+02, 1.1E+02, 1.1E+02, 1.1E+02, 1.1E+02, 1.1E+02, 1.1E+02, 2.3E+01, 5.0E-06, 1.7E-06, 8.1E-08, 1.2E-07, 1.7E-07, 9.0E-08, 9.3E-08, 9.3E-08, 1.0E-07, 1.1E-07, 2.6E+01, 2.6E+01, 2.6E+01, 2.6E+01, 2.6E+01, 1.1E+01, 1.7E+01, 1.5E+01, 1.5E+01, 1.4E+01, 1.5E+01, 1.4E+01, 1.5E+01, 1.6E+01, 1.7E+01, 1.6E+01, 2.0E+01, 2.0E+01, 2.3E+01, 2.4E+01, 2.6E+01, 2.6E+01, 2.6E+01, 2.6E+01, 2.6E+01, 3.6E-08, 3.8E-08, 4.0E-08, 4.1E-08, 4.3E-08, 4.4E-08, 4.5E-08, 4.7E-08, 4.6E-08, 6.0E-08, 5.2E-08, 5.1E-08, 7.7E-08, 1.8E-07, 1.8E-08, 6.5E+01, 1.0E+02, 1.0E+02, 1.0E+02, 1.0E+02, 1.0E+02, 1.0E+02, 1.0E+02, 1.0E+02, 1.0E+02, 1.0E+02, 1.0E+02, 1.0E+02, 1.0E+02, 1.0E+02, 1.0E+02, 3.8E-07, 1.1E-07, 7.2E-08, 5.6E-08, 4.7E-08, 4.3E-08, 7.4E-08, 7.6E-08, 1.4E-07, 8.8E-08, 9.5E-08, 9.2E-08, 9.9E-08, 1.1E-07, 1.2E-07, 1.3E-07, 1.4E-07, 1.5E-07, 1.6E-07, 1.7E-07, 7.8E-08, 8.3E-08, 9.1E-08, 1.0E-07, 1.3E-07, 5.6E-09, 6.9E-09, 1.5E-08, 4.1E-08, 1.1E-07, 1.9E-07, 1.0E-07, 1.0E-07, 1.1E-07, 9.9E-08, 1.1E-07, 1.1E-07, 1.2E-07, 1.2E-07, 1.3E-07, 1.7E-07, 3.8E-09, 4.1E-09, 1.9E-07, 1.5E-07, 1.5E-07, 1.5E-07, 1.9E-07, 2.1E-08, 5.7E-09, 7.6E-09, 1.2E-08, 5.3E-08, 6.7E-08, 6.5E-06, 1.0E+02, 1.0E+02, 1.0E+02, 1.0E+02, 1.0E+02, 1.0E+02, 1.0E+02, 1.0E+02, 1.0E+02, 1.0E+02, 1.0E+02, 1.0E+02, 1.0E+02, 1.0E+02, 1.1E+02, 1.1E+02, 1.1E+02, 1.1E+02, 1.1E+02, 1.1E+02, 1.1E+02, 1.1E+02, 8.3E+01, 3.8E-06, 1.7E-06, 1.3E-06, 1.2E-07, 1.3E-07, 1.3E-07, 1.3E-07, 1.3E-07, 1.2E-07, 1.2E-07, 1.2E-07, 1.2E-07, 1.2E-07, 1.2E-07, 1.0E-07, 8.1E-08, 6.2E-08, 1.1E-07, 1.9E-07, 4.7E-08, 2.9E-07, 1.4E-07, 5.1E-07, 1.4E-07, 9.4E-07, 1.4E-06, 1.7E-07, 1.3E-07, 5.2E-08, 1.1E-06, 2.6E+01, 2.6E+01, 2.6E+01, 2.6E+01, 5.3E-08, 5.5E-08, 5.7E-08, 5.8E-08, 6.0E-08, 6.5E-08, 6.8E-08, 7.0E-08, 9.0E-08, 7.1E-08, 9.5E-08, 1.2E-07, 1.5E-07, 1.6E-07, 1.7E-07, 1.5E-07, 1.1E-07, 1.1E-07, 8.9E-08, 9.6E-08, 9.7E-08, 9.7E-08, 9.6E-08, 9.7E-08, 9.7E-08, 9.7E-08, 1.0E-07, 9.8E-08, 1.1E-07, 1.1E-07, 1.2E-07, 1.2E-07, 1.3E-07, 1.6E-07, 2.0E-07, 1.9E-07, 1.8E-07, 1.2E-07, 1.4E-07, 1.5E-07, 4.2E-07, 6.7E-09, 1.1E-08, 1.0E-08, 1.5E-08, 4.7E-06, 8.2E-09, 3.7E-08, 2.6E-07, 2.5E-07, 1.7E-07, 8.8E-07, 1.1E+01, 1.0E+02, 1.0E+02, 1.0E+02, 1.0E+02, 1.0E+02, 1.0E+02, 1.0E+02, 1.5E+01, 5.0E-07, 6.0E-07, 3.4E-08, 2.4E-08, 2.6E-07, 2.3E+01, 2.5E+01, 2.6E+01, 1.8E+01, 2.6E+01, 8.1E+00, 2.6E+01, 2.8E-07, 1.0E+02, 1.0E+02, 1.0E+02, 1.0E+02, 1.0E+02, 1.0E+02, 1.0E+02, 1.0E+02, 1.0E+02, 1.0E+02, 1.0E+02, 1.0E+02, 1.0E+02, 1.0E+02, 1.1E+02, 1.1E+02, 1.1E+02, 1.1E+02, 1.5E+01, 1.5E+01, 1.5E+01, 1.5E+01, 1.5E+01, 1.5E+01, 1.5E+01, 1.5E+01, 1.5E+01, 1.5E+01, 4.4E-08, 4.6E-08, 4.9E-08, 5.3E-08, 5.6E-08, 6.0E-08, 6.5E-08, 7.1E-08, 8.0E-08, 8.9E-08, 9.7E-08, 1.1E-07, 1.5E-07, 1.6E-07, 6.1E-08, 6.6E-08, 7.1E-08, 7.0E-08, 7.4E-08, 8.1E-08, 1.0E-07, 1.1E-07, 2.5E-07, 1.1E-07, 2.0E-07, 1.8E-07, 3.6E-07, 1.4E-07, 1.4E-07, 1.6E-07, 9.0E-08, 9.3E-08, 9.5E-08, 9.7E-08, 9.8E-08, 9.0E-08, 9.2E-08, 9.9E-08, 1.1E-07, 1.1E-07, 1.2E-07, 1.3E-07, 1.7E-07, 6.8E-09, 3.2E-08, 1.0E+02, 1.0E+02, 1.0E+02, 1.0E+02, 1.0E+02, 1.0E+02, 1.0E+02, 1.0E+02, 1.0E+02, 1.0E+02, 1.1E+02, 1.1E+02, 1.1E+02, 1.1E+02, 1.1E+02, 1.1E+02, 1.1E+02, 1.1E+02, 1.1E+02, 1.1E+02, 2.6E+01, 2.6E+01, 2.6E+01, 2.6E+01, 2.6E+01, 2.6E+01, 2.6E+01, 2.6E+01, 1.5E-05, 5.2E-07, 1.7E-07, 1.3E-07, 1.1E-07, 1.0E-07, 1.0E-07, 1.1E-07, 1.2E-07, 1.4E-07, 1.6E-07, 1.9E-07, 2.1E-08, 2.4E-08, 2.7E-08, 3.0E-08, 3.3E-08, 3.5E-08, 3.8E-08, 4.0E-08, 4.3E-08, 6.2E-08, 5.6E-08, 6.1E-08, 6.3E-08, 8.0E-08, 8.1E-08, 8.9E-08, 8.1E-08, 6.4E-08, 6.6E-08, 7.3E-08, 7.4E-08, 7.6E-08, 7.8E-08, 8.1E-08, 8.2E-08, 8.4E-08, 8.6E-08, 8.8E-08, 8.9E-08, 8.2E-08, 8.3E-08, 8.4E-08, 8.4E-08, 8.5E-08, 8.6E-08, 8.7E-08, 8.8E-08, 8.9E-08, 8.9E-08, 9.0E-08, 9.0E-08, 9.1E-08, 9.3E-08, 9.4E-08, 9.5E-08, 9.7E-08, 1.0E-07, 1.0E-07, 1.1E-07, 5.5E-07, 2.1E-07, 1.0E+02, 1.0E+02, 1.0E+02, 1.0E+02, 1.0E+02, 1.0E+02, 1.0E+02, 1.0E+02, 1.0E+02, 1.0E+02, 1.0E+02, 1.0E+02, 1.0E+02, 1.0E+02, 1.1E+02, 1.1E+02, 1.1E+02, 1.1E+02, 1.1E+02, 1.1E+02, 1.1E+02, 1.1E+02, 7.6E+00, 2.4E-07, 1.9E-07, 1.9E-07, 2.1E-07, 2.3E-07, 2.7E-07, 9.5E-08, 1.2E-07, 1.3E-07, 1.4E-07, 2.0E-07, 3.6E-07, 1.4E-07, 1.7E-07, 1.3E-07, 1.7E-07, 1.3E-07, 1.8E-07, 2.9E-07, 1.6E-07, 1.9E-07, 2.6E-07, 2.6E+01, 2.6E+01, 2.6E+01, 2.6E+01, 2.6E+01, 2.6E+01, 3.9E-08, 4.0E-08, 4.3E-08, 4.4E-08, 4.6E-08, 4.8E-08, 5.0E-08, 5.3E-08, 5.6E-08, 5.8E-08, 8.3E-08, 8.4E-08, 1.2E-07, 1.4E-07, 1.1E-07, 7.4E-08, 1.0E-07, 7.9E-08, 8.0E-08, 8.0E-08, 8.1E-08, 8.2E-08, 8.3E-08, 8.4E-08, 8.5E-08, 8.6E-08, 8.7E-08, 8.8E-08, 8.9E-08, 9.0E-08, 9.1E-08, 9.1E-08, 9.3E-08, 9.4E-08, 9.2E-08, 9.3E-08, 9.2E-08, 9.8E-08, 9.5E-08, 9.6E-08, 9.6E-08, 9.7E-08, 9.8E-08, 9.9E-08, 1.0E-07, 1.0E-07, 1.1E-07, 1.1E-07, 1.2E-07, 1.2E-07, 1.2E-07, 1.3E-07, 1.4E-07, 1.7E-07, 1.8E-07, 1.8E-07, 1.7E-07, 1.4E-07, 1.2E-07, 1.3E-07, 1.4E-07, 3.6E-07, 5.9E-07, 8.7E-09, 1.3E-08, 1.5E-08, 6.5E-08, 1.5E-07, 4.4E-08, 1.9E-07, 2.3E-07, 3.5E-07, 2.6E-07, 1.0E+02

Carbohydrate Events (65 total):
  - Week 1 Day 1 07:58: 107.9g (breakfast)
  - Week 1 Day 1 09:48: 13.8g (morning_snack)
  - Week 1 Day 1 12:32: 92.9g (lunch)
  - Week 1 Day 1 16:13: 19.2g (afternoon_snack)
  - Week 1 Day 1 18:48: 91.3g (dinner)
  - Week 1 Day 2 07:50: 116.8g (breakfast)
  - Week 1 Day 2 10:46: 13.1g (morning_snack)
  - Week 1 Day 2 13:47: 100.6g (lunch)
  - Week 1 Day 2 16:17: 10.8g (afternoon_snack)
  - Week 1 Day 2 18:30: 105.9g (dinner)
  - Week 1 Day 3 07:55: 81.2g (breakfast)
  - Week 1 Day 3 10:15: 15.7g (morning_snack)
  - Week 1 Day 3 13:56: 99.8g (lunch)
  - Week 1 Day 3 16:12: 17.0g (afternoon_snack)
  - Week 1 Day 3 18:58: 80.8g (dinner)
  - Week 1 Day 4 06:56: 84.4g (breakfast)
  - Week 1 Day 4 09:29: 10.9g (morning_snack)
  - Week 1 Day 4 12:21: 90.1g (lunch)
  - Week 1 Day 4 16:05: 12.7g (afternoon_snack)
  - Week 1 Day 4 18:59: 115.6g (dinner)
  - Week 1 Day 5 06:46: 96.6g (breakfast)
  - Week 1 Day 5 09:09: 13.6g (morning_snack)
  - Week 1 Day 5 13:44: 107.9g (lunch)
  - Week 1 Day 5 15:37: 16.3g (afternoon_snack)
  - Week 1 Day 5 19:15: 98.2g (dinner)
  - Week 1 Day 6 06:56: 115.2g (breakfast)
  - Week 1 Day 6 09:20: 15.7g (morning_snack)
  - Week 1 Day 6 13:15: 104.6g (lunch)
  - Week 1 Day 6 16:23: 14.2g (afternoon_snack)
  - Week 1 Day 6 18:55: 84.8g (dinner)
  - Week 1 Day 7 06:46: 80.4g (breakfast)
  - Week 1 Day 7 09:49: 12.7g (morning_snack)
  - Week 1 Day 7 13:34: 111.9g (lunch)
  - Week 1 Day 7 16:44: 17.7g (afternoon_snack)
  - Week 1 Day 7 18:04: 82.4g (dinner)
  - Week 2 Day 1 07:06: 100.2g (breakfast)
  - Week 2 Day 1 09:31: 12.3g (morning_snack)
  - Week 2 Day 1 12:43: 111.9g (lunch)
  - Week 2 Day 1 16:06: 19.2g (afternoon_snack)
  - Week 2 Day 1 19:27: 120.0g (dinner)
  - Week 2 Day 2 07:11: 85.7g (breakfast)
  - Week 2 Day 2 09:56: 18.9g (morning_snack)
  - Week 2 Day 2 12:04: 104.2g (lunch)
  - Week 2 Day 2 16:26: 19.8g (afternoon_snack)
  - Week 2 Day 2 19:24: 99.0g (dinner)
  - Week 2 Day 3 06:08: 117.2g (breakfast)
  - Week 2 Day 3 10:32: 14.7g (morning_snack)
  - Week 2 Day 3 13:53: 93.7g (lunch)
  - Week 2 Day 3 16:41: 18.1g (afternoon_snack)
  - Week 2 Day 3 19:50: 96.6g (dinner)
  - Week 2 Day 4 08:00: 107.1g (breakfast)
  - Week 2 Day 4 10:00: 20.0g (morning_snack)
  - Week 2 Day 4 13:35: 93.7g (lunch)
  - Week 2 Day 4 15:09: 10.0g (afternoon_snack)
  - Week 2 Day 4 18:18: 100.6g (dinner)
  - Week 2 Day 5 07:30: 98.6g (breakfast)
  - Week 2 Day 5 09:38: 19.6g (morning_snack)
  - Week 2 Day 5 13:21: 90.9g (lunch)
  - Week 2 Day 5 15:49: 19.9g (afternoon_snack)
  - Week 2 Day 5 19:26: 104.2g (dinner)
  - Week 2 Day 6 06:29: 109.1g (breakfast)
  - Week 2 Day 6 10:09: 16.7g (morning_snack)
  - Week 2 Day 6 12:20: 94.1g (lunch)
  - Week 2 Day 6 15:33: 11.9g (afternoon_snack)
  - Week 2 Day 6 19:57: 106.3g (dinner)

Running Events (14 total):
 - Week 1 Day 1 06:22: Running avg speed 5.0 mph for 30 min
 - Week 1 Day 2 06:22: Running avg speed 5.0 mph for 30 min
 - Week 1 Day 3 06:22: Running avg speed 5.0 mph for 30 min
 - Week 1 Day 4 06:22: Running avg speed 5.0 mph for 30 min
 - Week 1 Day 5 06:22: Running avg speed 5.0 mph for 30 min
 - Week 1 Day 6 06:22: Running avg speed 5.0 mph for 30 min
 - Week 1 Day 7 06:22: Running avg speed 5.0 mph for 30 min
 - Week 2 Day 1 06:22: Running avg speed 5.0 mph for 30 min
 - Week 2 Day 2 06:22: Running avg speed 5.0 mph for 30 min
 - Week 2 Day 3 06:22: Running avg speed 5.0 mph for 30 min
 - Week 2 Day 4 06:22: Running avg speed 5.0 mph for 30 min
 - Week 2 Day 5 06:22: Running avg speed 5.0 mph for 30 min
 - Week 2 Day 6 06:22: Running avg speed 5.0 mph for 30 min
 - Week 2 Day 7 06:22: Running avg speed 5.0 mph for 30 min

Cycling Events (13 total):
  - Week 1 Day 1 17:52: Cycling avg power 90.0 for 20 min
  - Week 1 Day 2 16:49: Cycling avg power 90.0 for 20 min
  - Week 1 Day 3 16:09: Cycling avg power 90.0 for 20 min
  - Week 1 Day 4 17:03: Cycling avg power 90.0 for 20 min
  - Week 1 Day 5 17:04: Cycling avg power 90.0 for 20 min
  - Week 1 Day 6 16:25: Cycling avg power 90.0 for 20 min
  - Week 1 Day 7 17:41: Cycling avg power 90.0 for 20 min
  - Week 2 Day 1 17:22: Cycling avg power 90.0 for 20 min
  - Week 2 Day 2 16:44: Cycling avg power 90.0 for 20 min
  - Week 2 Day 3 16:59: Cycling avg power 90.0 for 20 min
  - Week 2 Day 4 16:36: Cycling avg power 90.0 for 20 min
  - Week 2 Day 5 16:50: Cycling avg power 90.0 for 20 min
  - Week 2 Day 6 16:33: Cycling avg power 90.0 for 20 min



Question: if i take insulin now, how much will my blood glucose come down in the next 2 hours?

Instructions: Assume that insulin will start working immediately and predict the blood glucose level in the next 2 hours.

Expected Answer Type: float

Example Answer: -86.68954624651879

Please analyze the data carefully and provide your answer as a **json object** in the exact format specified by the answer type. Be precise and base your response only on the data provided.

Conclude your analysis with: 
```json 
{"answer": your answer here}
```