You are a medical AI assistant analyzing diabetes management data. Based on the patient's health data, answer the following question accurately.

PATIENT DATA OVERVIEW:
This data represents a continuous glucose monitoring (CGM) session for a diabetes patient. The data includes:
- Blood glucose readings taken every 5 minutes, begining at Week 1, Day 1, 00:00 (normal range: 70-180 mg/dL)
- Carbohydrate intake events with timing and amounts
- Insulin delivery events (basal background insulin and bolus meal insulin)
- Physical activity events (running/cycling with duration and intensity)

The data may contain various artifacts, sensor issues, or abnormal patterns that need to be identified and analyzed.

Patient Health Data:

Blood Glucose Readings (mg/dL, every 5 minutes): 4032 readings
  Values: 108.0, 108.0, 108.0, 108.0, 108.0, 108.0, 108.0, 108.0, 108.1, 108.1, 108.2, 108.2, 108.3, 108.4, 108.6, 108.7, 108.9, 109.1, 109.3, 109.5, 109.6, 109.8, 109.9, 110.0, 110.1, 110.2, 110.2, 110.2, 110.3, 110.3, 110.3, 110.3, 110.3, 110.3, 110.3, 110.3, 110.3, 110.3, 110.3, 110.2, 110.2, 110.2, 110.2, 110.2, 110.2, 110.2, 110.2, 110.2, 110.2, 110.2, 110.2, 110.2, 110.2, 110.2, 110.2, 110.2, 110.2, 110.2, 110.2, 110.2, 110.3, 110.3, 110.3, 110.3, 110.3, 110.3, 110.3, 110.2, 110.2, 110.2, 110.2, 110.2, 110.2, 110.3, 110.3, 110.3, 110.3, 110.3, 110.4, 111.4, 113.5, 116.4, 119.7, 123.3, 126.9, 129.3, 130.7, 131.6, 132.0, 132.0, 131.9, 131.5, 131.0, 130.4, 129.7, 128.8, 127.9, 126.9, 126.0, 125.2, 124.9, 125.0, 125.6, 126.8, 128.6, 130.9, 133.9, 137.2, 140.8, 144.5, 148.1, 151.5, 154.7, 157.6, 160.2, 162.3, 164.1, 165.4, 166.3, 166.8, 167.0, 166.7, 166.1, 165.1, 163.8, 162.3, 160.5, 158.5, 156.2, 153.9, 151.4, 148.9, 146.7, 145.1, 143.8, 142.7, 141.5, 140.2, 138.8, 137.3, 135.7, 134.0, 132.3, 130.4, 128.5, 126.6, 124.7, 122.8, 121.0, 119.1, 117.4, 116.0, 115.0, 114.4, 114.2, 114.7, 115.6, 117.2, 119.2, 121.7, 124.5, 127.5, 130.5, 133.5, 136.5, 139.2, 141.8, 144.2, 146.3, 148.2, 149.7, 151.0, 152.0, 152.6, 153.0, 153.0, 152.8, 152.2, 151.4, 150.3, 149.0, 147.4, 145.7, 143.7, 141.6, 139.4, 137.1, 134.7, 132.2, 129.7, 127.2, 124.8, 122.7, 120.9, 119.4, 118.1, 116.8, 115.5, 114.1, 112.7, 111.2, 109.6, 108.0, 106.4, 104.8, 103.3, 101.8, 100.3, 98.9, 97.5, 96.1, 94.9, 93.6, 92.5, 91.4, 90.3, 89.3, 88.4, 87.6, 86.8, 86.1, 85.5, 84.9, 84.4, 83.9, 83.5, 83.2, 82.9, 82.7, 82.6, 82.5, 82.5, 82.5, 82.5, 82.7, 82.9, 83.1, 83.4, 83.7, 84.1, 84.4, 84.9, 85.4, 86.3, 87.7, 89.7, 92.4, 95.8, 100.0, 104.8, 110.0, 115.5, 121.0, 126.6, 132.0, 137.1, 142.0, 146.6, 150.8, 154.5, 157.9, 160.8, 163.2, 165.3, 166.8, 168.0, 168.7, 169.1, 169.0, 168.6, 167.8, 166.7, 165.4, 163.7, 161.8, 159.7, 157.5, 155.0, 152.5, 149.8, 147.1, 144.3, 141.6, 138.8, 136.0, 133.2, 130.5, 127.9, 125.3, 122.7, 120.2, 117.9, 115.5, 113.3, 111.2, 109.1, 107.2, 105.3, 103.5, 101.9, 100.2, 98.7, 97.3, 96.0, 94.7, 93.5, 92.4, 91.4, 90.5, 89.6, 88.8, 88.1, 87.4, 86.9, 86.3, 85.9, 85.5, 85.2, 84.9, 84.7, 84.6, 84.5, 84.5, 84.6, 84.7, 84.8, 85.0, 85.3, 85.6, 86.0, 86.4, 86.9, 87.4, 88.0, 88.6, 89.3, 90.1, 90.9, 91.7, 92.7, 93.6, 94.6, 95.7, 96.8, 98.0, 99.1, 100.4, 101.6, 102.8, 104.0, 105.2, 106.4, 107.5, 108.5, 109.5, 110.4, 111.2, 111.9, 112.4, 112.9, 113.3, 113.5, 113.7, 113.8, 113.8, 113.7, 113.8, 114.5, 116.2, 118.4, 121.1, 124.1, 127.2, 129.7, 131.8, 133.9, 136.3, 139.1, 142.3, 146.0, 150.1, 154.6, 159.2, 163.8, 168.3, 172.5, 176.4, 179.9, 183.0, 185.6, 187.7, 189.2, 190.3, 190.8, 190.8, 190.4, 189.5, 188.1, 186.4, 184.3, 181.8, 179.2, 176.2, 173.1, 169.8, 166.4, 162.9, 159.3, 155.7, 152.1, 148.5, 144.9, 141.3, 137.9, 134.5, 131.4, 128.8, 126.5, 124.3, 122.2, 120.1, 118.1, 116.1, 114.2, 112.2, 110.3, 108.4, 106.6, 104.8, 103.1, 101.4, 99.8, 98.3, 96.8, 95.5, 94.2, 93.0, 91.8, 90.8, 89.8, 88.9, 88.0, 87.3, 86.6, 86.0, 85.4, 84.9, 84.5, 84.2, 83.9, 83.7, 83.5, 83.4, 83.5, 84.0, 85.0, 86.6, 89.0, 92.0, 95.9, 100.4, 105.5, 110.9, 116.4, 122.1, 127.8, 133.3, 138.8, 144.0, 149.0, 153.7, 158.3, 163.1, 167.9, 172.6, 176.9, 180.9, 184.4, 187.3, 189.8, 191.7, 193.1, 194.0, 194.5, 194.4, 193.9, 193.1, 191.8, 190.1, 188.1, 185.8, 183.3, 180.5, 177.4, 174.2, 170.9, 167.5, 164.0, 160.4, 156.9, 153.3, 149.7, 146.2, 142.6, 139.2, 135.8, 132.5, 129.4, 126.3, 123.4, 120.6, 117.8, 115.2, 112.7, 110.3, 108.2, 106.4, 104.9, 103.8, 103.1, 102.7, 102.8, 103.2, 104.0, 105.2, 106.6, 108.2, 109.9, 111.7, 113.5, 115.2, 116.8, 118.2, 119.6, 120.8, 121.8, 122.6, 123.3, 123.7, 124.0, 124.1, 124.0, 123.8, 123.3, 122.7, 122.0, 121.0, 120.0, 118.8, 117.5, 116.2, 114.7, 113.2, 111.7, 110.1, 108.5, 106.9, 105.3, 103.7, 102.1, 100.6, 99.1, 97.6, 96.2, 94.8, 93.4, 92.1, 90.9, 89.7, 88.6, 87.5, 86.5, 85.6, 84.7, 83.8, 83.1, 82.3, 81.7, 81.1, 80.5, 80.1, 79.6, 79.3, 78.9, 78.7, 78.5, 78.3, 78.2, 78.2, 78.2, 78.2, 78.3, 78.4, 78.6, 78.8, 79.1, 79.3, 79.6, 79.9, 80.1, 80.4, 80.6, 80.8, 81.0, 81.1, 81.2, 81.3, 81.4, 81.4, 81.4, 81.4, 81.4, 81.3, 81.3, 81.2, 81.2, 81.2, 81.2, 81.1, 81.1, 81.2, 81.2, 81.3, 81.3, 81.4, 81.6, 81.7, 81.9, 82.1, 82.4, 82.7, 83.0, 83.4, 83.7, 84.2, 84.6, 85.1, 85.7, 86.2, 86.9, 87.5, 88.2, 89.0, 89.8, 90.6, 91.5, 92.4, 93.3, 94.3, 95.4, 96.5, 97.6, 98.8, 100.0, 101.4, 103.7, 107.2, 111.5, 116.3, 121.3, 126.2, 129.8, 132.4, 134.1, 135.3, 136.1, 136.5, 136.7, 136.6, 136.3, 135.8, 135.4, 135.0, 134.9, 135.0, 135.5, 136.2, 137.3, 138.7, 140.4, 142.3, 144.4, 146.6, 148.7, 150.6, 152.2, 153.7, 155.0, 156.5, 158.2, 159.7, 160.9, 161.7, 162.1, 162.1, 161.6, 160.8, 159.5, 158.0, 156.2, 154.2, 152.0, 149.7, 147.3, 144.8, 142.2, 139.7, 137.1, 134.6, 132.1, 129.7, 127.3, 125.0, 122.7, 120.5, 118.4, 116.4, 114.5, 112.7, 110.9, 109.2, 107.7, 106.2, 104.8, 103.5, 102.2, 101.1, 100.0, 99.0, 98.1, 97.3, 96.5, 95.8, 95.1, 94.5, 94.0, 93.6, 93.2, 92.8, 92.5, 92.3, 92.2, 92.1, 92.0, 92.1, 92.4, 93.0, 94.0, 95.4, 97.2, 99.4, 102.0, 105.2, 108.7, 112.5, 116.6, 120.7, 124.8, 128.9, 132.8, 136.5, 140.0, 143.2, 146.1, 148.7, 150.9, 152.8, 154.5, 156.1, 157.8, 159.5, 161.0, 162.2, 163.0, 163.5, 163.5, 163.1, 162.3, 161.1, 159.7, 158.0, 156.1, 154.0, 151.8, 149.4, 147.0, 144.5, 142.0, 139.4, 136.9, 134.3, 131.9, 129.4, 127.0, 124.7, 122.4, 120.3, 118.2, 116.1, 114.2, 112.3, 110.6, 109.0, 107.7, 106.7, 106.1, 106.0, 106.3, 107.2, 108.5, 110.3, 112.6, 115.4, 118.4, 121.8, 125.2, 128.6, 132.0, 135.2, 138.2, 141.1, 143.6, 145.9, 147.9, 149.6, 151.0, 152.1, 152.8, 153.2, 153.3, 153.1, 152.6, 151.8, 150.7, 149.5, 148.0, 146.3, 144.4, 142.5, 140.4, 138.2, 135.9, 133.6, 131.2, 128.9, 126.5, 124.1, 121.8, 119.5, 117.3, 115.1, 112.9, 110.9, 108.9, 106.9, 105.1, 103.3, 101.6, 99.9, 98.4, 96.9, 95.5, 94.2, 92.9, 91.8, 90.7, 89.6, 88.7, 87.8, 87.0, 86.2, 85.6, 85.0, 84.4, 83.9, 83.5, 83.2, 82.9, 82.6, 82.4, 82.3, 82.2, 82.2, 82.2, 82.3, 82.5, 82.6, 82.8, 83.1, 83.4, 83.7, 84.0, 84.3, 84.6, 84.9, 85.2, 85.5, 85.8, 86.1, 86.4, 86.7, 87.0, 87.3, 87.6, 87.9, 88.3, 88.6, 89.0, 89.4, 89.8, 90.2, 90.6, 91.1, 91.6, 92.1, 92.7, 93.2, 93.9, 94.5, 95.2, 95.9, 96.7, 97.5, 98.3, 99.2, 100.1, 101.0, 102.0, 103.0, 104.0, 105.0, 105.9, 106.8, 107.7, 108.5, 109.3, 109.9, 110.5, 110.9, 111.3, 111.6, 111.8, 112.0, 113.1, 115.0, 117.6, 120.6, 123.8, 126.8, 128.7, 129.7, 130.2, 130.2, 130.0, 129.7, 129.3, 128.9, 128.8, 129.0, 129.5, 130.5, 131.9, 133.6, 135.8, 138.4, 141.3, 144.5, 147.8, 151.1, 154.2, 157.1, 159.7, 162.0, 163.9, 165.4, 166.5, 167.3, 167.6, 167.6, 167.2, 166.4, 165.3, 163.9, 162.2, 160.3, 158.2, 155.9, 153.4, 150.8, 148.1, 145.4, 142.6, 139.8, 137.0, 134.2, 131.5, 129.2, 127.3, 125.7, 124.3, 123.0, 121.6, 120.2, 118.8, 117.4, 116.0, 114.5, 113.0, 111.6, 110.1, 108.7, 107.4, 106.1, 104.8, 103.6, 102.4, 101.3, 100.3, 99.3, 98.4, 97.6, 96.8, 96.1, 95.5, 95.2, 95.1, 95.3, 96.0, 97.0, 98.5, 100.4, 102.7, 105.5, 108.6, 112.0, 115.7, 119.4, 123.1, 126.8, 130.4, 133.7, 136.9, 139.9, 142.6, 145.0, 147.1, 149.0, 150.5, 151.8, 152.7, 153.4, 153.7, 153.8, 153.6, 153.1, 152.4, 151.4, 150.3, 148.9, 147.3, 145.6, 143.8, 141.9, 140.0, 138.3, 137.0, 135.9, 135.0, 134.0, 133.0, 131.9, 130.6, 129.3, 127.9, 126.4, 124.8, 123.2, 121.6, 119.9, 118.3, 116.7, 115.1, 113.6, 112.1, 110.6, 109.2, 107.8, 106.5, 105.3, 104.1, 102.9, 101.8, 100.8, 99.8, 98.9, 98.1, 97.4, 97.1, 97.2, 97.8, 99.1, 100.9, 103.4, 106.2, 109.3, 112.6, 116.0, 119.4, 122.7, 125.9, 129.0, 131.9, 134.6, 137.1, 139.4, 141.4, 143.1, 144.5, 145.7, 146.7, 147.3, 147.7, 147.7, 147.6, 147.1, 146.4, 145.5, 144.3, 142.9, 141.3, 139.6, 137.7, 135.7, 133.7, 131.5, 129.3, 127.1, 124.8, 122.5, 120.3, 118.1, 115.9, 113.7, 111.6, 109.5, 107.5, 105.6, 103.7, 102.0, 100.2, 98.6, 97.0, 95.5, 94.1, 92.7, 91.5, 90.2, 89.1, 88.0, 87.0, 86.1, 85.2, 84.3, 83.6, 82.8, 82.2, 81.6, 81.0, 80.5, 80.0, 79.6, 79.2, 78.9, 78.6, 78.3, 78.1, 78.0, 77.9, 77.8, 77.8, 77.8, 77.8, 77.9, 78.1, 78.3, 78.5, 78.8, 79.1, 79.4, 79.8, 80.2, 80.6, 81.1, 81.6, 82.1, 82.7, 83.3, 84.0, 84.6, 85.3, 86.1, 86.8, 87.7, 88.5, 89.4, 90.3, 91.3, 92.3, 93.3, 94.4, 95.5, 96.7, 97.9, 99.2, 100.4, 101.7, 102.9, 104.2, 105.4, 106.6, 107.7, 108.7, 109.6, 110.4, 111.2, 111.8, 112.3, 112.7, 113.0, 113.2, 113.4, 114.5, 116.4, 119.1, 122.1, 125.3, 128.3, 130.2, 131.2, 131.6, 131.6, 131.4, 130.9, 130.4, 129.6, 128.8, 128.0, 127.0, 126.0, 125.0, 124.1, 123.4, 123.2, 123.6, 124.5, 126.2, 128.5, 131.4, 134.6, 138.0, 141.5, 144.9, 148.1, 151.1, 154.2, 157.2, 160.2, 162.8, 165.1, 166.9, 168.1, 168.8, 169.0, 168.7, 167.9, 166.7, 165.2, 163.3, 161.2, 158.8, 156.3, 153.6, 150.8, 147.9, 145.0, 142.0, 139.1, 136.2, 133.3, 130.5, 127.7, 125.0, 122.4, 119.8, 117.3, 115.0, 112.7, 110.5, 108.4, 106.5, 104.6, 102.8, 101.1, 99.5, 97.9, 96.5, 95.2, 93.9, 92.8, 91.7, 90.7, 89.8, 89.0, 88.6, 88.6, 89.0, 90.0, 91.6, 93.8, 96.6, 100.0, 103.8, 108.1, 112.5, 117.0, 121.5, 126.0, 130.3, 134.5, 138.4, 142.1, 145.5, 148.7, 151.5, 154.0, 156.2, 158.1, 159.6, 160.9, 162.0, 163.3, 164.6, 165.9, 166.8, 167.5, 167.7, 167.6, 167.1, 166.2, 165.0, 163.5, 161.7, 159.7, 157.4, 155.0, 152.5, 149.8, 147.1, 144.3, 141.6, 138.8, 136.1, 133.4, 130.7, 128.1, 125.6, 123.1, 120.7, 118.4, 116.2, 114.0, 111.9, 110.0, 108.1, 106.3, 104.6, 103.0, 101.4, 100.0, 98.6, 97.4, 96.2, 95.1, 94.0, 93.1, 92.2, 91.4, 90.7, 90.0, 89.5, 89.1, 89.1, 89.6, 90.7, 92.5, 95.0, 98.3, 102.2, 106.6, 111.3, 116.1, 121.1, 126.1, 130.9, 135.7, 140.2, 144.6, 148.6, 152.4, 155.9, 159.0, 161.9, 164.3, 166.5, 168.3, 169.7, 170.9, 171.6, 172.1, 172.3, 172.1, 171.7, 170.9, 169.9, 168.7, 167.2, 165.5, 163.6, 161.5, 159.3, 157.0, 154.6, 152.1, 149.5, 146.9, 144.3, 141.7, 139.1, 136.5, 134.0, 131.6, 129.1, 126.8, 124.5, 122.3, 120.1, 118.1, 116.1, 114.2, 112.4, 110.7, 109.1, 107.5, 106.1, 104.7, 103.4, 102.2, 101.0, 100.0, 99.0, 98.1, 97.3, 96.5, 95.8, 95.2, 94.7, 94.2, 93.8, 93.5, 93.2, 93.0, 92.8, 92.8, 92.7, 92.8, 92.9, 93.0, 93.2, 93.5, 93.8, 94.2, 94.7, 95.2, 95.7, 96.4, 97.0, 97.8, 98.5, 99.4, 100.2, 101.1, 102.1, 103.0, 104.0, 104.9, 105.9, 106.8, 107.6, 108.4, 109.2, 109.8, 110.4, 110.9, 111.3, 111.7, 111.9, 112.1, 112.2, 112.3, 112.3, 112.3, 112.2, 112.1, 112.0, 111.8, 111.6, 111.5, 111.3, 111.3, 112.0, 113.7, 116.0, 118.7, 121.6, 124.5, 126.4, 127.6, 128.3, 128.9, 129.6, 130.7, 132.1, 134.0, 136.4, 139.2, 142.6, 146.3, 150.5, 154.7, 158.9, 163.0, 166.8, 170.3, 173.4, 176.1, 178.3, 180.0, 181.3, 182.1, 182.4, 182.3, 181.8, 180.8, 179.5, 177.9, 175.9, 173.7, 171.2, 168.5, 165.7, 162.7, 159.6, 156.4, 153.1, 149.9, 146.6, 143.3, 140.0, 136.8, 133.7, 130.6, 127.8, 125.2, 123.1, 121.3, 119.6, 118.1, 116.6, 115.1, 113.6, 112.2, 110.7, 109.2, 107.7, 106.3, 104.9, 103.5, 102.2, 100.9, 99.7, 98.5, 97.4, 96.4, 95.4, 94.5, 93.7, 93.1, 92.7, 92.6, 92.9, 93.7, 94.9, 96.6, 98.9, 101.6, 104.8, 108.4, 112.4, 116.6, 121.0, 125.3, 129.6, 133.7, 137.7, 141.4, 144.9, 148.1, 151.0, 153.5, 155.8, 157.7, 159.2, 160.5, 161.4, 161.9, 162.2, 162.3, 162.5, 162.6, 162.6, 162.4, 161.9, 161.1, 160.0, 158.5, 156.9, 155.0, 152.8, 150.6, 148.1, 145.6, 142.9, 140.2, 137.5, 134.9, 132.2, 129.6, 127.1, 124.5, 122.1, 119.7, 117.4, 115.2, 113.0, 111.0, 109.0, 107.1, 105.3, 103.6, 102.0, 100.4, 99.0, 97.6, 96.3, 95.1, 94.0, 93.0, 92.0, 91.1, 90.3, 89.5, 88.8, 88.2, 87.7, 87.2, 86.8, 86.5, 86.3, 86.5, 87.2, 88.4, 90.3, 92.9, 96.1, 100.0, 104.4, 109.0, 113.9, 118.8, 123.7, 128.5, 133.2, 137.8, 142.1, 146.1, 149.9, 153.4, 156.5, 159.3, 161.7, 163.8, 165.6, 167.0, 168.0, 168.7, 169.1, 169.1, 168.9, 168.3, 167.5, 166.4, 165.0, 163.4, 161.5, 159.5, 157.3, 154.9, 152.5, 149.9, 147.3, 144.6, 141.9, 139.2, 136.5, 133.8, 131.1, 128.5, 125.9, 123.4, 121.0, 118.6, 116.4, 114.2, 112.0, 110.0, 108.1, 106.2, 104.4, 102.8, 101.2, 99.7, 98.2, 96.9, 95.6, 94.5, 93.4, 92.4, 91.4, 90.5, 89.8, 89.0, 88.4, 87.8, 87.3, 86.8, 86.4, 86.1, 85.8, 85.6, 85.4, 85.3, 85.3, 85.3, 85.4, 85.5, 85.7, 85.9, 86.1, 86.4, 86.8, 87.2, 87.6, 88.1, 88.6, 89.1, 89.7, 90.4, 91.0, 91.7, 92.5, 93.3, 94.1, 95.0, 95.9, 96.9, 97.9, 98.9, 100.0, 101.1, 102.2, 103.3, 104.4, 105.4, 106.5, 107.5, 108.4, 109.2, 110.0, 110.7, 111.2, 111.7, 112.1, 112.4, 112.6, 112.7, 112.8, 112.9, 113.8, 115.6, 118.0, 120.8, 123.8, 126.6, 128.4, 129.3, 129.7, 129.8, 129.6, 129.2, 128.7, 128.1, 127.4, 126.7, 126.0, 125.5, 125.4, 125.8, 126.8, 128.4, 130.6, 133.4, 136.8, 140.8, 145.2, 149.9, 154.6, 159.2, 163.6, 167.8, 171.5, 174.8, 177.7, 180.2, 182.1, 183.6, 184.6, 185.1, 185.1, 184.7, 183.9, 182.7, 181.1, 179.1, 176.9, 174.4, 172.0, 169.8, 167.9, 166.0, 164.1, 162.1, 159.9, 157.6, 155.1, 152.5, 149.8, 147.0, 144.2, 141.4, 138.6, 135.7, 133.0, 130.2, 127.6, 125.0, 122.4, 120.0, 117.6, 115.3, 113.1, 111.0, 109.0, 107.1, 105.2, 103.5, 101.8, 100.2, 98.7, 97.2, 95.9, 94.6, 93.4, 92.2, 91.2, 90.2, 89.3, 88.4, 87.6, 87.0, 86.7, 86.7, 87.2, 88.2, 89.7, 91.8, 94.3, 97.1, 100.2, 103.5, 106.7, 110.0, 113.4, 117.0, 121.2, 125.7, 130.0, 134.2, 138.1, 141.6, 144.7, 147.5, 149.8, 151.7, 153.2, 154.3, 155.1, 155.5, 155.6, 155.4, 154.9, 154.1, 153.0, 151.8, 150.3, 148.6, 146.8, 144.8, 142.8, 140.6, 138.5, 136.2, 133.9, 131.6, 129.3, 127.1, 124.9, 122.7, 120.6, 118.5, 116.5, 114.6, 112.7, 110.8, 109.1, 107.4, 105.8, 104.3, 102.8, 101.4, 100.0, 98.8, 97.6, 96.5, 95.6, 95.0, 94.7, 94.7, 95.1, 95.8, 96.9, 98.4, 100.3, 102.5, 105.0, 107.8, 110.7, 113.7, 116.7, 119.7, 122.5, 125.2, 127.7, 130.1, 132.2, 134.1, 135.7, 137.1, 138.3, 139.2, 139.8, 140.2, 140.4, 140.3, 140.0, 139.4, 138.6, 137.6, 136.5, 135.1, 133.6, 132.0, 130.3, 128.4, 126.5, 124.5, 122.5, 120.4, 118.3, 116.2, 114.2, 112.1, 110.0, 108.0, 106.0, 104.1, 102.2, 100.3, 98.6, 96.8, 95.2, 93.6, 92.0, 90.6, 89.2, 87.8, 86.6, 85.4, 84.2, 83.2, 82.2, 81.3, 80.4, 79.6, 78.9, 78.2, 77.6, 77.1, 76.6, 76.1, 75.7, 75.4, 75.1, 74.9, 74.7, 74.5, 74.4, 74.3, 74.3, 74.3, 74.4, 74.5, 74.7, 74.9, 75.1, 75.4, 75.7, 76.0, 76.4, 76.7, 77.1, 77.5, 77.9, 78.3, 78.7, 79.1, 79.5, 80.0, 80.4, 80.9, 81.4, 81.9, 82.5, 83.0, 83.6, 84.2, 84.8, 85.5, 86.2, 86.9, 87.6, 88.4, 89.2, 90.1, 91.0, 91.9, 92.9, 93.9, 94.9, 96.0, 97.1, 98.3, 99.5, 100.7, 101.9, 103.3, 105.6, 109.0, 113.2, 117.8, 122.7, 127.3, 130.6, 132.9, 134.5, 135.8, 137.1, 138.5, 140.1, 142.1, 144.5, 147.2, 150.3, 153.8, 157.5, 161.5, 165.4, 169.1, 172.6, 175.6, 178.2, 180.2, 181.8, 182.7, 183.1, 183.0, 182.3, 181.2, 179.6, 177.6, 175.3, 172.6, 169.7, 166.6, 163.3, 159.9, 156.4, 152.8, 149.2, 145.5, 141.9, 138.3, 134.8, 131.3, 128.0, 124.9, 122.1, 119.8, 117.9, 116.2, 114.5, 112.9, 111.4, 109.8, 108.2, 106.6, 105.0, 103.4, 101.8, 100.2, 98.7, 97.2, 95.8, 94.4, 93.1, 91.9, 90.7, 89.6, 88.5, 87.6, 86.7, 85.8, 85.0, 84.3, 83.7, 83.1, 82.5, 82.0, 81.6, 81.3, 81.4, 81.8, 82.6, 84.0, 86.0, 88.5, 91.6, 94.9, 98.6, 102.3, 106.2, 110.0, 113.7, 117.3, 120.7, 124.0, 127.0, 129.8, 132.4, 134.7, 136.7, 138.5, 140.0, 141.2, 142.1, 142.7, 143.1, 143.3, 143.1, 142.8, 142.1, 141.3, 140.3, 139.1, 137.7, 136.2, 134.5, 132.8, 131.0, 129.1, 127.1, 125.3, 123.7, 122.8, 122.1, 121.6, 121.1, 120.5, 119.9, 119.1, 118.2, 117.3, 116.3, 115.2, 114.1, 113.0, 111.9, 110.8, 109.8, 109.0, 108.7, 108.7, 109.3, 110.5, 112.2, 114.5, 117.3, 120.4, 123.7, 127.2, 130.7, 134.1, 137.5, 140.7, 143.8, 146.6, 149.2, 151.6, 153.7, 155.5, 157.1, 158.3, 159.3, 159.9, 160.3, 160.4, 160.2, 159.7, 158.9, 157.8, 156.6, 155.1, 153.3, 151.4, 149.4, 147.2, 144.9, 142.5, 140.1, 137.6, 135.1, 132.5, 130.0, 127.5, 125.1, 122.6, 120.2, 117.9, 115.7, 113.5, 111.3, 109.3, 107.3, 105.4, 103.6, 101.9, 100.3, 98.7, 97.2, 95.8, 94.5, 93.2, 92.1, 91.0, 90.0, 89.0, 88.2, 87.4, 86.6, 86.0, 85.4, 84.9, 84.4, 84.0, 83.7, 83.4, 83.2, 83.0, 82.9, 82.9, 82.9, 82.9, 83.1, 83.2, 83.5, 83.8, 84.1, 84.4, 84.8, 85.3, 85.7, 86.2, 86.6, 87.1, 87.7, 88.2, 88.7, 89.3, 89.8, 90.4, 90.9, 91.5, 92.1, 92.7, 93.3, 93.9, 94.5, 95.2, 95.8, 96.5, 97.1, 97.8, 98.5, 99.2, 99.9, 100.7, 101.4, 102.2, 103.0, 103.9, 104.7, 105.5, 106.3, 107.1, 107.8, 108.5, 109.1, 109.7, 110.2, 110.6, 110.9, 111.1, 111.3, 111.5, 111.5, 111.6, 111.6, 111.6, 111.5, 111.4, 111.3, 111.2, 111.1, 111.1, 111.9, 113.8, 116.4, 119.9, 124.3, 129.3, 134.1, 139.0, 144.3, 150.0, 156.1, 162.2, 168.4, 174.5, 180.3, 185.7, 190.7, 195.3, 199.3, 202.8, 205.7, 208.1, 209.8, 211.0, 211.6, 211.7, 211.2, 210.2, 208.7, 206.8, 204.5, 201.8, 198.7, 195.4, 191.8, 188.0, 184.1, 180.1, 176.0, 171.8, 167.6, 163.5, 159.5, 156.1, 153.1, 150.4, 147.7, 145.2, 142.6, 140.0, 137.3, 134.7, 132.0, 129.3, 126.7, 124.1, 121.6, 119.1, 116.7, 114.3, 112.1, 109.9, 107.9, 105.9, 104.0, 102.2, 100.5, 99.0, 97.5, 96.1, 94.7, 93.5, 92.4, 91.3, 90.3, 89.4, 88.6, 87.8, 87.1, 86.5, 85.9, 85.4, 85.0, 84.9, 85.0, 85.4, 86.3, 87.5, 89.1, 91.2, 93.7, 96.6, 99.9, 103.5, 107.3, 111.1, 115.0, 118.8, 122.4, 125.8, 129.0, 132.0, 134.6, 137.0, 139.0, 140.7, 142.1, 143.1, 143.8, 144.1, 144.1, 143.8, 143.2, 142.3, 141.1, 139.7, 138.1, 136.4, 134.6, 133.2, 132.0, 130.9, 129.8, 128.5, 127.2, 125.6, 124.0, 122.2, 120.3, 118.3, 116.3, 114.2, 112.1, 109.9, 107.8, 105.7, 103.7, 101.7, 99.7, 97.8, 95.9, 94.0, 92.2, 90.6, 89.0, 87.5, 86.1, 84.8, 83.5, 82.3, 81.1, 80.0, 79.1, 78.4, 78.0, 77.9, 78.3, 79.1, 80.3, 81.9, 84.0, 86.5, 89.1, 91.9, 94.7, 97.5, 100.3, 102.9, 105.3, 107.5, 109.6, 111.3, 112.9, 114.2, 115.2, 116.0, 116.5, 116.8, 116.8, 116.6, 116.1, 115.4, 114.5, 113.4, 112.1, 110.7, 109.1, 107.4, 105.6, 103.8, 101.9, 99.9, 98.0, 96.0, 94.0, 92.1, 90.1, 88.2, 86.4, 84.6, 82.8, 81.1, 79.5, 77.9, 76.4, 74.9, 73.5, 72.2, 70.9, 69.6, 68.4, 67.1, 65.9, 64.6, 63.2, 61.6, 60.0, 58.5, 57.4, 56.1, 55.0, 53.8, 52.7, 51.7, 50.7, 49.7, 48.7, 47.8, 46.9, 46.0, 45.1, 44.3, 43.5, 42.7, 42.0, 41.3, 40.6, 40.0, 39.4, 38.8, 38.3, 37.9, 37.5, 37.1, 36.8, 36.5, 36.3, 36.1, 36.0, 35.9, 35.8, 35.8, 35.8, 35.8, 35.9, 36.0, 36.1, 36.3, 36.5, 36.8, 37.0, 37.3, 37.7, 38.0, 38.4, 38.7, 39.0, 39.3, 39.6, 39.8, 39.9, 40.0, 40.0, 39.9, 39.8, 39.6, 39.4, 39.1, 38.8, 38.4, 38.0, 37.5, 37.0, 36.5, 36.0, 35.5, 35.0, 34.5, 34.2, 34.1, 34.3, 34.6, 35.0, 35.4, 35.4, 35.3, 35.0, 34.6, 34.1, 33.7, 33.4, 33.1, 32.8, 32.5, 32.2, 32.0, 31.7, 31.6, 31.6, 31.9, 32.4, 33.3, 34.4, 36.0, 37.8, 40.0, 42.5, 45.4, 48.6, 51.9, 55.4, 59.1, 63.0, 67.4, 72.2, 77.0, 81.9, 86.7, 91.2, 95.5, 99.5, 103.2, 106.7, 109.8, 112.7, 115.3, 117.6, 119.7, 121.5, 123.0, 124.3, 125.3, 126.1, 126.6, 126.9, 127.0, 126.8, 126.5, 126.0, 125.2, 124.4, 123.3, 122.2, 120.9, 119.5, 118.0, 116.5, 115.0, 113.4, 111.8, 110.1, 108.5, 106.9, 105.3, 103.8, 102.2, 100.7, 99.3, 97.9, 96.7, 95.9, 95.7, 96.1, 97.3, 99.3, 101.9, 105.1, 108.5, 112.1, 115.8, 119.5, 123.0, 126.4, 129.6, 132.6, 135.3, 137.6, 139.7, 141.5, 142.9, 144.0, 144.8, 145.2, 145.4, 145.2, 144.9, 144.4, 144.1, 144.0, 143.8, 143.4, 142.9, 142.1, 141.0, 139.7, 138.2, 136.5, 134.7, 132.7, 130.6, 128.5, 126.3, 124.1, 121.9, 119.7, 117.5, 115.3, 113.2, 111.2, 109.2, 107.2, 105.3, 103.5, 101.7, 99.9, 98.3, 96.7, 95.2, 93.8, 92.5, 91.3, 90.1, 89.0, 88.0, 87.0, 86.1, 85.3, 84.5, 83.8, 83.2, 82.6, 82.1, 81.6, 81.2, 80.9, 80.6, 80.4, 80.2, 80.3, 80.6, 81.3, 82.6, 84.4, 86.8, 89.9, 93.7, 97.9, 102.6, 107.5, 112.6, 117.7, 122.7, 127.7, 132.4, 137.0, 141.3, 145.3, 149.1, 152.5, 155.6, 158.3, 160.7, 162.7, 164.4, 165.7, 166.7, 167.4, 167.7, 167.7, 167.3, 166.7, 165.8, 164.6, 163.1, 161.4, 159.4, 157.3, 155.0, 152.6, 150.0, 147.4, 144.6, 141.9, 139.1, 136.3, 133.6, 130.8, 128.1, 125.5, 122.9, 120.4, 117.9, 115.6, 113.3, 111.1, 108.9, 106.9, 105.0, 103.1, 101.3, 99.7, 98.1, 96.6, 95.1, 93.8, 92.5, 91.4, 90.3, 89.2, 88.3, 87.4, 86.5, 85.8, 85.1, 84.4, 83.8, 83.3, 82.8, 82.4, 82.0, 81.7, 81.4, 81.2, 81.0, 80.9, 80.8, 80.8, 80.8, 80.9, 81.0, 81.2, 81.4, 81.6, 81.9, 82.3, 82.7, 83.2, 83.7, 84.2, 84.8, 85.5, 86.2, 86.9, 87.7, 88.6, 89.5, 90.4, 91.4, 92.4, 93.5, 94.7, 95.9, 97.1, 98.4, 99.7, 101.0, 102.3, 103.6, 104.9, 106.2, 107.3, 108.4, 109.5, 110.4, 111.2, 112.0, 113.6, 116.2, 119.4, 123.3, 127.6, 132.1, 135.9, 139.3, 142.5, 145.9, 149.4, 153.2, 157.2, 161.3, 165.2, 169.0, 172.5, 175.6, 178.3, 180.5, 182.3, 183.6, 184.4, 184.8, 184.7, 184.2, 183.3, 181.9, 180.3, 178.3, 176.0, 173.5, 170.9, 168.3, 165.9, 163.7, 161.4, 159.1, 156.7, 154.2, 151.6, 149.0, 146.2, 143.5, 140.8, 138.0, 135.3, 132.6, 130.0, 127.4, 124.9, 122.5, 120.2, 118.0, 115.8, 113.8, 111.8, 110.0, 108.2, 106.6, 105.0, 103.5, 102.1, 100.9, 99.7, 98.5, 97.5, 96.6, 95.7, 94.9, 94.2, 93.6, 93.0, 92.6, 92.2, 91.8, 91.5, 91.3, 91.2, 91.2, 91.5, 92.0, 93.0, 94.4, 96.3, 98.6, 101.5, 104.8, 108.5, 112.7, 117.3, 122.1, 126.9, 131.7, 136.5, 141.0, 145.3, 149.3, 152.9, 156.3, 159.2, 161.7, 163.8, 165.5, 167.0, 168.6, 170.3, 171.8, 172.9, 173.6, 173.9, 173.7, 173.0, 171.9, 170.4, 168.6, 166.5, 164.1, 161.5, 158.8, 155.9, 153.0, 150.0, 146.9, 143.9, 140.9, 137.9, 134.9, 132.1, 129.3, 126.5, 123.9, 121.3, 118.9, 116.5, 114.1, 111.9, 109.8, 107.8, 105.9, 104.2, 102.8, 101.7, 101.0, 100.8, 101.0, 101.6, 102.7, 104.3, 106.3, 108.7, 111.3, 114.1, 116.9, 119.7, 122.5, 125.2, 127.7, 130.0, 132.1, 134.0, 135.6, 137.0, 138.2, 139.1, 139.7, 140.1, 140.2, 140.1, 139.8, 139.2, 138.4, 137.4, 136.2, 134.9, 133.4, 131.7, 130.0, 128.2, 126.3, 124.3, 122.3, 120.3, 118.3, 116.2, 114.2, 112.3, 110.3, 108.4, 106.6, 104.8, 103.0, 101.3, 99.7, 98.1, 96.6, 95.2, 93.8, 92.5, 91.3, 90.2, 89.1, 88.0, 87.1, 86.2, 85.4, 84.6, 83.9, 83.3, 82.7, 82.2, 81.8, 81.4, 81.1, 80.8, 80.6, 80.4, 80.3, 80.3, 80.3, 80.3, 80.5, 80.6, 80.8, 81.1, 81.4, 81.7, 82.1, 82.4, 82.8, 83.2, 83.6, 84.0, 84.5, 84.9, 85.4, 85.8, 86.3, 86.8, 87.3, 87.8, 88.3, 88.9, 89.5, 90.1, 90.7, 91.3, 92.0, 92.7, 93.5, 94.2, 95.0, 95.9, 96.7, 97.6, 98.6, 99.6, 100.6, 101.6, 102.6, 103.7, 104.7, 105.7, 106.6, 107.6, 108.4, 109.2, 109.9, 110.5, 111.1, 111.5, 111.9, 112.1, 112.3, 112.4, 112.5, 112.5, 112.4, 112.3, 112.2, 112.0, 111.8, 111.6, 111.4, 111.3, 111.1, 110.9, 110.9, 111.6, 113.5, 116.0, 119.1, 122.7, 126.6, 129.9, 132.8, 135.7, 138.7, 142.0, 145.7, 149.7, 154.1, 158.8, 163.5, 168.1, 172.5, 176.7, 180.4, 183.7, 186.6, 188.9, 190.7, 192.0, 192.7, 192.9, 192.7, 191.9, 190.7, 189.0, 187.0, 184.6, 181.9, 179.0, 175.9, 172.6, 169.2, 165.7, 162.1, 158.5, 154.9, 151.3, 147.7, 144.2, 140.8, 137.4, 134.1, 131.0, 128.1, 125.7, 123.8, 122.4, 121.2, 120.1, 119.1, 118.0, 116.9, 115.8, 114.6, 113.3, 112.1, 110.9, 109.6, 108.4, 107.2, 106.0, 104.9, 104.0, 103.4, 103.2, 103.5, 104.5, 106.0, 108.2, 111.1, 114.6, 118.4, 122.5, 126.8, 131.0, 135.3, 139.5, 143.5, 147.3, 150.9, 154.2, 157.2, 160.0, 162.3, 164.4, 166.1, 167.5, 168.5, 169.1, 169.4, 169.4, 169.1, 168.4, 167.4, 166.2, 164.7, 162.9, 160.9, 158.7, 156.3, 153.8, 151.3, 148.8, 146.7, 144.6, 142.6, 140.6, 138.5, 136.3, 134.1, 131.9, 129.6, 127.3, 124.9, 122.6, 120.3, 118.0, 115.8, 113.7, 111.7, 109.8, 107.9, 106.1, 104.3, 102.7, 101.1, 99.6, 98.2, 96.9, 95.7, 94.5, 93.4, 92.4, 91.5, 90.6, 89.8, 89.1, 88.5, 87.9, 87.4, 87.0, 86.6, 86.3, 86.1, 85.9, 85.8, 85.7, 85.7, 85.7, 85.9, 86.0, 86.2, 86.5, 86.8, 87.2, 87.7, 88.5, 89.6, 91.2, 93.3, 95.9, 99.0, 102.6, 106.5, 110.7, 114.8, 119.0, 123.1, 127.1, 130.9, 134.4, 137.7, 140.6, 143.3, 145.6, 147.6, 149.2, 150.5, 151.4, 152.0, 152.2, 152.1, 151.7, 151.0, 149.9, 148.7, 147.2, 145.5, 143.7, 141.7, 139.6, 137.4, 135.2, 132.9, 130.6, 128.3, 125.9, 123.6, 121.4, 119.1, 116.9, 114.8, 112.7, 110.6, 108.7, 106.7, 104.9, 103.1, 101.3, 99.7, 98.1, 96.6, 95.1, 93.7, 92.4, 91.1, 89.9, 88.8, 87.7, 86.7, 85.8, 84.9, 84.1, 83.4, 82.7, 82.1, 81.5, 81.0, 80.6, 80.2, 79.9, 79.6, 79.4, 79.2, 79.1, 79.1, 79.1, 79.1, 79.2, 79.3, 79.4, 79.6, 79.8, 80.1, 80.4, 80.7, 81.1, 81.5, 81.9, 82.4, 82.9, 83.5, 84.0, 84.7, 85.3, 86.0, 86.7, 87.5, 88.3, 89.1, 89.9, 90.8, 91.7, 92.7, 93.6, 94.6, 95.6, 96.6, 97.7, 98.8, 99.9, 101.1, 102.2, 103.3, 104.5, 105.5, 106.6, 107.6, 108.5, 109.4, 110.5, 111.9, 114.5, 118.5, 123.7, 129.7, 136.4, 143.3, 149.4, 155.0, 160.2, 165.0, 169.5, 173.6, 177.3, 180.6, 183.3, 185.5, 187.1, 188.2, 188.8, 188.9, 188.5, 187.5, 186.2, 184.4, 182.2, 179.8, 177.0, 174.1, 170.9, 167.6, 164.1, 160.6, 157.0, 153.4, 149.7, 146.1, 142.5, 139.0, 135.5, 132.0, 128.7, 125.4, 122.3, 119.6, 117.5, 115.9, 114.7, 113.6, 112.6, 111.5, 110.4, 109.2, 107.9, 106.6, 105.2, 103.8, 102.4, 101.0, 99.6, 98.2, 96.8, 95.5, 94.2, 93.0, 91.9, 90.8, 89.8, 88.8, 87.9, 87.1, 86.3, 85.6, 85.1, 84.7, 84.6, 84.8, 85.4, 86.3, 87.6, 89.2, 91.3, 93.6, 96.4, 99.4, 102.5, 105.8, 109.0, 112.2, 115.3, 118.2, 120.9, 123.4, 125.7, 127.7, 129.4, 130.9, 132.0, 132.9, 133.4, 133.7, 133.6, 133.3, 132.8, 131.9, 130.9, 129.6, 128.1, 126.4, 124.6, 122.7, 120.7, 118.5, 116.3, 114.1, 111.9, 109.6, 107.3, 105.2, 103.4, 102.1, 101.1, 100.3, 99.5, 98.6, 97.7, 96.8, 95.8, 94.7, 93.6, 92.5, 91.3, 90.2, 89.0, 87.9, 86.8, 85.7, 84.7, 83.6, 82.7, 81.7, 80.9, 80.3, 80.0, 80.2, 81.0, 82.4, 84.4, 87.0, 90.1, 93.5, 97.0, 100.6, 104.3, 107.9, 111.4, 114.7, 117.8, 120.8, 123.5, 126.0, 128.1, 130.0, 131.7, 133.0, 134.0, 134.8, 135.2, 135.4, 135.3, 134.9, 134.3, 133.4, 132.3, 130.9, 129.4, 127.7, 125.8, 123.8, 121.7, 119.5, 117.2, 114.9, 112.6, 110.3, 107.9, 105.6, 103.3, 101.0, 98.7, 96.5, 94.4, 92.3, 90.3, 88.3, 86.4, 84.6, 82.8, 81.1, 79.6, 78.0, 76.6, 75.2, 73.9, 72.7, 71.5, 70.4, 69.3, 68.3, 67.3, 66.4, 65.5, 64.5, 63.6, 62.6, 61.6, 60.5, 59.4, 58.2, 57.0, 55.8, 54.6, 53.3, 52.1, 50.8, 49.5, 48.7, 47.9, 47.1, 46.5, 45.9, 45.4, 44.9, 44.5, 44.1, 43.8, 43.5, 43.2, 43.0, 42.9, 42.7, 42.7, 42.6, 42.6, 42.7, 42.9, 43.1, 43.4, 43.7, 44.0, 44.4, 44.8, 45.2, 45.5, 45.8, 46.1, 46.3, 46.5, 46.7, 46.7, 46.7, 46.7, 46.5, 46.3, 46.0, 45.6, 45.2, 44.7, 44.2, 43.6, 43.0, 42.4, 41.8, 41.1, 40.4, 39.7, 39.1, 38.4, 37.7, 37.1, 36.4, 35.8, 35.2, 34.6, 34.1, 33.8, 33.7, 33.9, 34.4, 35.4, 37.0, 39.1, 41.6, 44.6, 47.8, 51.0, 54.1, 57.3, 60.5, 63.8, 67.1, 70.5, 73.8, 77.1, 80.4, 83.6, 86.7, 89.8, 92.7, 95.4, 98.1, 100.5, 102.9, 105.1, 107.1, 108.9, 110.6, 112.0, 113.3, 114.4, 115.2, 115.9, 116.4, 116.6, 116.7, 116.5, 116.2, 115.6, 114.9, 113.9, 112.8, 111.6, 110.3, 108.8, 107.6, 106.7, 105.9, 105.1, 104.2, 103.3, 102.3, 101.2, 99.9, 98.6, 97.2, 95.7, 94.2, 92.7, 91.2, 89.7, 88.2, 86.7, 85.2, 83.8, 82.4, 81.1, 79.9, 78.7, 77.5, 76.4, 75.4, 74.5, 73.5, 72.7, 72.0, 71.6, 71.4, 71.7, 72.4, 73.6, 75.2, 77.3, 79.9, 82.8, 86.0, 89.4, 92.8, 96.2, 99.6, 102.8, 105.8, 108.6, 111.2, 113.5, 115.6, 117.4, 118.9, 120.1, 121.0, 121.7, 122.1, 122.2, 122.0, 121.5, 120.9, 119.9, 118.8, 117.5, 116.0, 114.4, 112.6, 110.7, 108.7, 106.7, 104.6, 102.5, 100.3, 98.2, 96.0, 93.9, 91.8, 89.8, 87.9, 86.5, 85.3, 84.4, 83.5, 82.7, 81.8, 80.9, 80.0, 78.9, 77.9, 76.8, 75.8, 74.8, 73.9, 73.0, 72.0, 71.2, 70.3, 69.5, 68.7, 68.0, 67.4, 67.2, 67.4, 68.3, 69.9, 72.2, 75.2, 78.6, 82.3, 86.2, 90.2, 94.3, 98.3, 102.1, 105.9, 109.4, 112.7, 115.8, 118.5, 121.1, 123.3, 125.2, 126.9, 128.2, 129.2, 130.0, 130.4, 130.6, 130.5, 130.2, 129.6, 128.8, 127.8, 126.6, 125.2, 123.6, 122.0, 120.2, 118.3, 116.3, 114.3, 112.2, 110.2, 108.0, 105.9, 103.8, 101.8, 99.7, 97.7, 95.7, 93.7, 91.8, 90.0, 88.2, 86.5, 84.9, 83.3, 81.8, 80.3, 78.9, 77.6, 76.4, 75.2, 74.1

Insulin Readings (mU/minute, every 5 minutes): 4032 readings
  Values: 1.7E-05, 3.7E-05, 3.6E-08, 1.1E-09, 9.5E-08, 1.2E-07, 4.8E-07, 1.4E-06, 8.6E-07, 6.8E-05, 4.2E+01, 1.0E+02, 1.0E+02, 1.0E+02, 1.0E+02, 6.3E+01, 3.5E-06, 4.0E+00, 7.5E+00, 9.7E+00, 1.1E+01, 1.3E+01, 1.5E+01, 1.5E+01, 1.7E+01, 2.0E+01, 1.6E+01, 1.6E+01, 1.6E+01, 1.6E+01, 5.6E+01, 1.1E+01, 2.2E+01, 1.8E+01, 2.6E+01, 2.3E+01, 1.6E+01, 1.9E+01, 3.0E+01, 5.2E+01, 7.0E+00, 1.6E+01, 2.9E+01, 1.6E+01, 3.0E+01, 2.4E+01, 2.7E+01, 2.7E+01, 2.1E+01, 2.9E+01, 2.0E+01, 2.8E+01, 2.0E+01, 2.6E+01, 2.5E+01, 2.3E+01, 3.6E+01, 1.6E+01, 3.0E+01, 1.6E+01, 1.9E+01, 1.8E+01, 3.2E+01, 1.8E+01, 2.8E+01, 2.4E+01, 2.3E+01, 2.7E+01, 2.1E+01, 2.9E+01, 1.9E+01, 2.5E+01, 2.5E+01, 2.3E+01, 2.7E+01, 2.0E+01, 2.7E+01, 3.6E+01, 3.3E+01, 8.9E+01, 1.2E+02, 1.2E+02, 1.2E+02, 1.2E+02, 1.2E+02, 1.2E+02, 1.2E+02, 7.1E-06, 3.9E-07, 1.6E-07, 7.2E-08, 1.6E+01, 1.6E+01, 1.6E+01, 1.6E+01, 1.6E+01, 1.6E+01, 9.0E+01, 1.2E+02, 1.2E+02, 1.0E+02, 1.0E+02, 1.0E+02, 1.0E+02, 1.0E+02, 1.0E+02, 1.0E+02, 1.0E+02, 1.0E+02, 1.0E+02, 1.0E+02, 1.0E+02, 1.0E+02, 1.0E+02, 1.0E+02, 1.0E+02, 1.0E+02, 1.0E+02, 1.0E+02, 5.5E+01, 6.1E-07, 3.3E-07, 2.5E-07, 3.7E-05, 3.7E-05, 2.9E-05, 1.4E-05, 8.3E-06, 5.5E-06, 3.2E-06, 1.4E-06, 5.4E-07, 3.9E-06, 7.7E-06, 4.7E-07, 3.4E-07, 3.3E-06, 1.6E+01, 1.6E+01, 1.6E+01, 1.6E+01, 1.6E+01, 1.6E+01, 1.6E+01, 1.6E+01, 1.6E+01, 1.6E+01, 1.3E-05, 1.9E-05, 2.1E+00, 1.6E+01, 1.6E+01, 1.6E+01, 5.0E+00, 1.2E+02, 1.2E+02, 1.2E+02, 1.2E+02, 1.2E+02, 1.2E+02, 1.2E+02, 1.2E+02, 1.2E+02, 1.2E+02, 1.2E+02, 1.2E+02, 1.2E+02, 1.2E+02, 1.2E+02, 1.2E+02, 1.2E+02, 1.2E+02, 1.2E+02, 1.2E+02, 1.2E+02, 1.6E+01, 1.6E+01, 1.6E+01, 1.6E+01, 1.6E+01, 1.6E+01, 1.6E+01, 3.4E-05, 3.5E-05, 6.4E-05, 2.3E-06, 6.9E-05, 2.5E-06, 2.9E-06, 3.1E-06, 3.1E-06, 5.8E-06, 3.7E-08, 1.6E-06, 4.8E-06, 4.7E-06, 9.7E-05, 8.2E-06, 1.3E-05, 1.5E-06, 2.3E-06, 1.5E-06, 2.1E-06, 5.3E-05, 1.2E-06, 5.4E-05, 2.6E-06, 6.7E-05, 2.1E-06, 2.1E-06, 6.8E-07, 1.9E-06, 3.0E-07, 2.6E-07, 3.0E-08, 2.3E-07, 3.7E-08, 4.5E-06, 3.8E-06, 3.9E-06, 1.4E-06, 7.1E-06, 9.8E-07, 1.4E-06, 1.7E-07, 1.9E-07, 6.6E-06, 8.7E-07, 4.3E-07, 4.0E-07, 2.5E-07, 3.1E-07, 1.0E+02, 1.0E+02, 1.0E+02, 1.0E+02, 1.0E+02, 1.0E+02, 1.0E+02, 1.0E+02, 1.0E+02, 1.0E+02, 1.0E+02, 1.0E+02, 1.0E+02, 1.0E+02, 1.0E+02, 1.0E+02, 1.0E+02, 1.0E+02, 1.0E+02, 1.0E+02, 1.0E+02, 1.0E+02, 1.0E+02, 1.0E+02, 1.0E+02, 1.0E+02, 1.0E+02, 1.0E+02, 1.0E+02, 1.0E+02, 1.0E+02, 1.0E+02, 1.0E+02, 1.0E+02, 1.0E+02, 1.0E+02, 5.1E-07, 9.8E-08, 7.7E-07, 3.5E-06, 4.0E-06, 1.3E-07, 2.4E-07, 2.9E-06, 4.9E-06, 5.1E-07, 3.1E-06, 3.9E-06, 5.4E-06, 1.8E-05, 6.5E-07, 1.3E-05, 2.5E-05, 3.2E-05, 3.4E-05, 3.5E-05, 3.3E-05, 5.0E-06, 8.4E-05, 2.3E-06, 1.7E-05, 2.6E-05, 3.0E-05, 2.9E-05, 2.7E-05, 2.5E-05, 2.6E-05, 1.7E-05, 1.1E-05, 6.8E-06, 4.9E-06, 2.5E-06, 7.8E-05, 5.4E-05, 2.3E-05, 5.2E-07, 3.3E-05, 2.4E-05, 2.5E-05, 9.8E-06, 3.6E-07, 3.9E-07, 1.3E-05, 3.1E-07, 6.5E-07, 2.7E-07, 7.2E-06, 7.5E-07, 1.9E-07, 9.6E-08, 4.1E-08, 2.7E-07, 3.4E-07, 1.1E-05, 3.9E-06, 6.1E-07, 3.3E-07, 1.2E-07, 1.9E-07, 2.1E-06, 1.1E-06, 3.8E-07, 1.3E-07, 9.2E-07, 3.8E-06, 4.9E-07, 6.6E+01, 1.0E+02, 1.0E+02, 1.0E+02, 1.0E+02, 1.0E+02, 1.0E+02, 1.0E+02, 1.0E+02, 1.0E+02, 1.0E+02, 1.0E+02, 1.0E+02, 1.0E+02, 1.0E+02, 3.3E+01, 2.7E-06, 9.4E-07, 6.5E-07, 5.2E-07, 6.5E-07, 9.8E-07, 1.4E-07, 1.4E-07, 1.7E-07, 2.5E-07, 4.6E-07, 5.9E-07, 8.7E-08, 2.6E-07, 9.3E+01, 1.0E+02, 1.0E+02, 1.2E+02, 1.2E+02, 1.2E+02, 1.2E+02, 1.2E+02, 1.2E+02, 1.2E+02, 1.2E+02, 1.2E+02, 1.2E+02, 1.2E+02, 1.2E+02, 1.2E+02, 1.2E+02, 1.2E+02, 1.2E+02, 1.2E+02, 1.2E+02, 1.2E+02, 1.2E+02, 1.2E+02, 1.2E+02, 1.6E+01, 1.6E+01, 1.6E+01, 1.6E+01, 1.6E+01, 1.6E+01, 1.6E+01, 1.6E+01, 1.6E+01, 1.6E+01, 1.6E+01, 1.6E+01, 3.9E-06, 2.0E-07, 3.8E-07, 7.0E-06, 9.7E-06, 9.1E-06, 5.6E-06, 6.7E-06, 1.9E-05, 4.7E-05, 7.2E-06, 2.6E-05, 3.1E-05, 4.4E-05, 5.4E-05, 5.6E-05, 7.6E-05, 1.4E-05, 6.4E-06, 9.1E-06, 1.6E-05, 3.2E-05, 2.6E-05, 6.9E-05, 1.1E-06, 1.1E-06, 1.0E-06, 7.6E-07, 2.2E-05, 1.1E-05, 6.4E-06, 3.4E-06, 8.2E-05, 4.3E-05, 2.1E-05, 3.3E-05, 2.8E-05, 2.2E-05, 2.3E-05, 1.1E-06, 3.8E-07, 1.5E-05, 5.5E-07, 5.8E-07, 3.2E-07, 1.3E-07, 9.1E-07, 1.6E-07, 1.0E+02, 1.0E+02, 1.0E+02, 1.0E+02, 1.0E+02, 1.0E+02, 1.0E+02, 1.0E+02, 1.0E+02, 1.0E+02, 1.0E+02, 1.0E+02, 1.0E+02, 1.0E+02, 1.0E+02, 1.0E+02, 1.0E+02, 1.0E+02, 1.0E+02, 1.0E+02, 1.2E+02, 1.2E+02, 1.2E+02, 1.2E+02, 1.2E+02, 1.2E+02, 1.2E+02, 1.2E+02, 1.2E+02, 1.2E+02, 1.2E+02, 1.2E+02, 1.2E+02, 1.2E-05, 3.1E-06, 3.6E-06, 3.3E-06, 2.8E-06, 2.6E-06, 5.1E-06, 5.4E-06, 5.4E-05, 8.5E-06, 6.1E-06, 2.1E-05, 9.0E-07, 4.0E-06, 1.6E+01, 1.6E+01, 1.6E+01, 1.6E+01, 1.6E+01, 1.6E+01, 1.6E+01, 1.6E+01, 1.6E+01, 1.6E+01, 1.6E+01, 7.0E-05, 2.7E-06, 1.6E+01, 1.6E+01, 1.6E+01, 1.6E+01, 1.6E+01, 3.6E-07, 2.1E-05, 5.3E-08, 1.0E+02, 1.0E+02, 1.0E+02, 1.0E+02, 1.0E+02, 1.0E+02, 1.0E+02, 1.0E+02, 1.0E+02, 1.0E+02, 1.0E+02, 1.0E+02, 1.0E+02, 1.0E+02, 1.0E+02, 1.0E+02, 1.0E+02, 1.0E+02, 1.0E+02, 1.0E+02, 3.1E-08, 8.1E-08, 1.7E-07, 1.9E-07, 8.9E-06, 5.0E-06, 4.7E-06, 1.2E-05, 1.5E-06, 8.4E-06, 2.8E-06, 3.2E-06, 3.5E-06, 3.5E-06, 3.5E-06, 3.4E-06, 3.5E-06, 3.5E-06, 3.8E-06, 4.1E-06, 4.3E-06, 4.3E-08, 4.1E-06, 3.9E-06, 4.7E-06, 3.9E-06, 4.7E-06, 3.6E-06, 3.5E-06, 3.4E-06, 3.2E-06, 3.2E-06, 6.8E-06, 7.2E-07, 1.3E-06, 2.1E-06, 2.0E-06, 4.4E-07, 2.0E-06, 8.0E-07, 3.9E-07, 7.9E-06, 2.1E-06, 1.6E+01, 1.6E+01, 1.6E+01, 1.6E+01, 1.6E+01, 1.2E+02, 1.2E+02, 1.2E+02, 1.2E+02, 1.2E+02, 1.2E+02, 1.2E+02, 1.2E+02, 5.7E-05, 8.2E-07, 9.7E-07, 1.2E-07, 1.0E-06, 2.6E-06, 3.3E-06, 5.9E-08, 6.3E-07, 2.9E-07, 6.4E-07, 2.0E-06, 3.0E-06, 2.4E-06, 3.8E-06, 4.9E-06, 5.6E-06, 5.4E-06, 5.9E-06, 3.3E-07, 3.8E-07, 4.5E-07, 7.2E-07, 1.0E-06, 1.5E-06, 7.1E-06, 7.0E-07, 3.1E-07, 4.0E-07, 5.1E-07, 4.7E-07, 1.2E-06, 8.3E-07, 4.0E-07, 4.4E-07, 3.9E-07, 3.4E-07, 1.2E-05, 1.0E-06, 2.6E-06, 2.1E-07, 9.9E-07, 2.0E-07, 2.1E-07, 3.4E-06, 1.6E+01, 1.0E-04, 4.0E-06, 7.8E-07, 7.4E-07, 8.7E+01, 1.2E+02, 1.2E+02, 1.2E+02, 1.2E+02, 1.2E+02, 1.2E+02, 1.2E+02, 1.2E+02, 1.2E+02, 1.2E+02, 1.2E+02, 1.2E+02, 1.2E+02, 1.2E+02, 1.2E+02, 5.1E+01, 1.6E+01, 1.6E+01, 1.6E+01, 1.6E+01, 1.6E+01, 1.6E+01, 1.2E+02, 1.2E+02, 1.2E+02, 1.2E+02, 1.0E+02, 1.0E+02, 1.0E+02, 1.0E+02, 1.0E+02, 1.0E+02, 1.0E+02, 1.0E+02, 1.0E+02, 1.0E+02, 1.0E+02, 1.0E+02, 1.0E+02, 7.2E-07, 3.6E-07, 2.8E-07, 2.4E-07, 2.2E-07, 2.0E-07, 2.1E-07, 1.7E-07, 1.3E-07, 8.7E-08, 4.4E-08, 7.5E-08, 7.9E-08, 1.1E-07, 3.1E-06, 3.7E-06, 1.1E-07, 2.6E-07, 2.9E-06, 3.5E-06, 1.2E-05, 5.1E-07, 2.0E-06, 2.1E-06, 1.2E-05, 1.6E-06, 3.5E-06, 7.4E-06, 9.3E-06, 1.3E-05, 1.5E-05, 1.8E-05, 2.8E+00, 1.6E+01, 1.6E+01, 1.6E+01, 1.6E+01, 1.6E+01, 1.5E+01, 1.7E-06, 9.3E-06, 1.7E-06, 1.2E-06, 7.8E-07, 3.9E-07, 1.3E-07, 9.8E-06, 3.0E-06, 2.8E-07, 3.6E-07, 1.1E-05, 1.6E+01, 1.6E+01, 1.6E+01, 1.6E+01, 1.6E+01, 1.6E+01, 1.2E+02, 1.2E+02, 1.2E+02, 1.2E+02, 1.2E+02, 1.2E+02, 1.2E+02, 1.2E+02, 1.0E+02, 1.0E+02, 1.0E+02, 1.0E+02, 1.0E+02, 1.0E+02, 1.0E+02, 1.0E+02, 1.0E+02, 1.0E+02, 1.0E+02, 1.0E+02, 1.0E+02, 1.0E+02, 1.0E+02, 1.0E+02, 1.0E+02, 1.0E+02, 1.0E+02, 9.1E+01, 9.5E-06, 4.6E-07, 1.6E-07, 8.9E-08, 6.2E-08, 6.1E-08, 7.5E-07, 2.0E-06, 4.9E-06, 1.5E-05, 4.3E-06, 5.1E-06, 7.2E-07, 1.1E-06, 4.2E-06, 4.1E-06, 6.9E-06, 3.7E-05, 8.5E-06, 2.9E-06, 3.9E-06, 2.0E-05, 3.2E-06, 2.3E-06, 3.5E-06, 1.3E-05, 1.4E-05, 1.2E-05, 1.4E-05, 1.5E-05, 1.1E-05, 2.4E-06, 1.6E+01, 1.6E+01, 1.2E+02, 1.2E+02, 1.2E+02, 1.2E+02, 1.2E+02, 1.2E+02, 1.2E+02, 1.2E+02, 1.2E+02, 1.2E+02, 1.2E+02, 1.2E+02, 1.2E+02, 1.2E+02, 1.2E+02, 1.2E+02, 1.0E+02, 1.0E+02, 1.0E+02, 1.0E+02, 1.0E+02, 1.0E+02, 1.0E+02, 2.5E-08, 8.4E-08, 1.8E-07, 6.4E-07, 1.4E-06, 3.4E-06, 2.9E-05, 1.5E-06, 2.6E-05, 2.7E-05, 3.6E-05, 3.5E-05, 3.0E-05, 3.8E-06, 2.3E-05, 1.1E-06, 1.2E-06, 1.2E-06, 1.7E-06, 5.9E-05, 2.6E-06, 2.6E-06, 2.9E-06, 3.1E-06, 3.2E-06, 3.2E-06, 4.0E-06, 4.1E-06, 4.1E-06, 4.1E-06, 4.3E-06, 4.1E-06, 1.7E-05, 2.0E-05, 3.6E-06, 2.5E-06, 1.8E-05, 1.5E-05, 4.2E-07, 2.2E-06, 7.7E-06, 4.5E-07, 3.6E-07, 1.2E-06, 1.6E+01, 1.6E+01, 1.6E+01, 4.6E-07, 5.2E-06, 1.6E+01, 1.6E+01, 1.6E+01, 1.6E+01, 1.6E+01, 1.2E+02, 1.2E+02, 1.2E+02, 1.2E+02, 5.8E+01, 1.6E+01, 4.6E-06, 2.2E-07, 3.2E-07, 1.6E-07, 1.6E-06, 2.3E-06, 6.0E-08, 8.7E-08, 8.7E-08, 3.0E-07, 3.4E-07, 1.5E-06, 2.4E-06, 2.4E-06, 2.5E-06, 3.7E-06, 4.4E-06, 4.7E-06, 5.0E-06, 6.9E-06, 8.5E-07, 2.1E-06, 6.2E-06, 6.4E-06, 6.9E-06, 6.6E-06, 7.6E-06, 6.9E-07, 1.2E-06, 2.4E-07, 2.1E-07, 8.2E-07, 4.6E+01, 1.2E+02, 1.2E+02, 1.2E+02, 1.2E+02, 1.2E+02, 1.2E+02, 1.2E+02, 1.2E+02, 1.2E+02, 5.6E+00, 1.6E+01, 1.6E+01, 1.6E+01, 1.6E+01, 1.6E+01, 1.6E+01, 1.6E+01, 1.6E+01, 1.6E+01, 1.6E+01, 1.6E+01, 1.6E+01, 1.6E+01, 1.6E+01, 7.0E+01, 1.2E+02, 1.2E+02, 1.2E+02, 2.1E+01, 1.6E+01, 1.6E+01, 1.6E+01, 1.0E+02, 1.0E+02, 1.0E+02, 1.0E+02, 1.0E+02, 1.0E+02, 1.0E+02, 1.0E+02, 1.0E+02, 1.0E+02, 1.0E+02, 1.0E+02, 1.0E+02, 1.0E+02, 1.0E+02, 1.0E+02, 1.0E+02, 1.0E+02, 1.0E+02, 1.0E+02, 1.2E+02, 1.2E+02, 1.2E+02, 8.0E-06, 9.2E-06, 8.5E-06, 5.4E-06, 6.0E-06, 1.0E-06, 1.8E-06, 2.0E-06, 5.5E-06, 1.3E-05, 1.5E-05, 1.7E-05, 3.8E-06, 2.1E-05, 1.4E-05, 7.3E-06, 5.2E-06, 6.0E-06, 2.6E-05, 2.2E-06, 3.4E-06, 8.7E-06, 2.3E-06, 8.8E-06, 3.7E-05, 2.3E-05, 4.2E-05, 9.3E-07, 2.2E-06, 4.1E-06, 7.8E-06, 1.1E-05, 1.6E+01, 1.6E+01, 1.6E+01, 1.6E+01, 1.6E+01, 7.1E-07, 1.4E-06, 1.6E+01, 1.6E+01, 1.6E+01, 1.6E+01, 1.6E+01, 1.6E+01, 1.8E-07, 7.7E-06, 1.3E-06, 1.0E+02, 1.0E+02, 1.0E+02, 1.0E+02, 1.0E+02, 1.0E+02, 1.0E+02, 1.0E+02, 1.0E+02, 1.0E+02, 1.0E+02, 1.0E+02, 1.0E+02, 1.0E+02, 1.0E+02, 1.0E+02, 1.0E+02, 1.0E+02, 1.0E+02, 1.0E+02, 1.0E+02, 1.0E+02, 1.0E+02, 1.0E+02, 1.0E+02, 1.0E+02, 1.0E+02, 1.7E-04, 2.1E-07, 8.5E-08, 7.8E-07, 1.6E+01, 1.6E+01, 1.6E+01, 1.6E+01, 1.6E+01, 1.6E+01, 1.6E+01, 1.7E-05, 3.3E-05, 3.1E-05, 2.0E-05, 1.8E-05, 1.8E-05, 6.5E-05, 2.9E-05, 4.1E-05, 7.7E-06, 1.2E-05, 1.6E+01, 1.6E+01, 1.6E+01, 1.6E+01, 1.6E+01, 1.6E+01, 1.6E+01, 1.6E+01, 1.6E+01, 1.6E+01, 1.6E+01, 1.6E+01, 1.6E+01, 1.6E+01, 1.6E+01, 5.8E-07, 6.5E-07, 4.2E-05, 1.6E+01, 1.6E+01, 1.6E+01, 1.6E+01, 4.5E-07, 1.0E-07, 1.0E+02, 1.0E+02, 1.0E+02, 1.0E+02, 1.0E+02, 1.0E+02, 1.0E+02, 1.0E+02, 1.0E+02, 1.0E+02, 1.0E+02, 1.0E+02, 1.0E+02, 1.2E+02, 1.2E+02, 1.2E+02, 1.2E+02, 1.2E+02, 1.2E+02, 1.2E+02, 1.2E+02, 1.2E+02, 1.2E+02, 1.2E+02, 4.8E-07, 4.6E-07, 3.9E-06, 1.9E-07, 2.6E-07, 4.1E-07, 3.2E-06, 6.2E-06, 3.7E-07, 1.5E-06, 2.2E-06, 2.0E-06, 7.1E-06, 2.6E-05, 6.9E-07, 2.4E-05, 2.4E-05, 3.4E-05, 3.5E-05, 3.3E-05, 3.7E-05, 4.4E-05, 2.7E-05, 4.9E-05, 4.6E-05, 3.7E-05, 1.6E+01, 1.6E+01, 1.6E+01, 1.6E+01, 1.6E+01, 1.6E+01, 1.6E+01, 1.6E+01, 1.6E+01, 1.6E+01, 1.6E+01, 1.6E+01, 1.6E+01, 1.6E+01, 1.6E+01, 1.6E+01, 2.6E-06, 2.5E-06, 3.6E-06, 8.1E-06, 2.6E-06, 1.0E-05, 9.3E-06, 1.2E-05, 3.8E-06, 5.2E-06, 3.8E-06, 2.3E-06, 2.9E-07, 2.8E-07, 1.6E+01, 1.6E+01, 1.6E+01, 1.6E+01, 1.6E+01, 1.6E+01, 1.6E+01, 1.6E+01, 1.6E+01, 1.6E+01, 1.0E-06, 1.2E-06, 1.1E-06, 5.3E-07, 6.9E-06, 5.7E-07, 4.1E-07, 1.3E-07, 8.3E-05, 7.1E-06, 7.7E-08, 5.0E-08, 5.7E-07, 7.7E-08, 6.5E-08, 1.4E-07, 3.3E-06, 1.6E+01, 3.6E-07, 5.3E+00, 1.2E+02, 1.2E+02, 1.2E+02, 1.2E+02, 1.2E+02, 1.2E+02, 1.2E+02, 1.2E+02, 1.2E+02, 1.2E+02, 2.9E+01, 1.6E+01, 1.6E+01, 1.6E+01, 1.6E+01, 1.6E+01, 1.6E+01, 1.6E+01, 1.6E+01, 1.6E+01, 1.6E+01, 1.6E+01, 1.6E+01, 1.6E+01, 1.6E+01, 1.6E+01, 7.1E+01, 1.2E+02, 1.2E+02, 1.2E+02, 9.0E+01, 8.1E-06, 1.6E+01, 1.6E+01, 1.6E+01, 1.6E+01, 1.6E+01, 1.6E+01, 1.6E+01, 1.6E+01, 1.6E+01, 1.2E+02, 1.2E+02, 1.2E+02, 1.2E+02, 1.2E+02, 1.2E+02, 1.2E+02, 1.2E+02, 1.2E+02, 1.2E+02, 1.2E+02, 1.2E+02, 1.2E+02, 1.2E+02, 1.2E+02, 1.2E+02, 1.2E+02, 1.2E+02, 1.2E+02, 1.6E+01, 1.6E+01, 1.6E+01, 5.8E-06, 4.8E-07, 3.5E-07, 2.9E-07, 2.3E-07, 2.0E-07, 2.1E-07, 2.5E-07, 2.6E-07, 2.7E-06, 4.5E-06, 3.0E-07, 5.3E-07, 2.2E-06, 9.1E-06, 7.4E-07, 2.1E-06, 3.3E-06, 3.3E-06, 9.9E-06, 2.4E-05, 6.0E-07, 4.2E-05, 7.0E-07, 5.6E-06, 1.4E-05, 3.4E-06, 2.9E-05, 2.8E-05, 3.9E-05, 3.5E-05, 3.4E-05, 2.5E-05, 1.6E-05, 7.1E-06, 1.5E-06, 3.8E-07, 3.8E-05, 3.7E-05, 7.7E-09, 1.1E-05, 2.1E-06, 1.1E-06, 1.0E+02, 1.0E+02, 1.0E+02, 1.0E+02, 1.0E+02, 1.0E+02, 1.0E+02, 1.0E+02, 1.0E+02, 1.0E+02, 1.0E+02, 1.0E+02, 1.0E+02, 1.0E+02, 1.0E+02, 1.0E+02, 1.0E+02, 1.0E+02, 1.0E+02, 1.2E+02, 1.2E+02, 1.2E+02, 1.2E+02, 1.2E+02, 1.2E+02, 1.2E+02, 1.2E+02, 1.2E+02, 1.6E+01, 1.6E+01, 1.6E+01, 1.6E+01, 1.6E+01, 1.6E+01, 1.6E+01, 1.6E+01, 2.2E-06, 2.1E-06, 3.0E-06, 2.4E-06, 8.5E-06, 2.5E-05, 1.3E-06, 9.2E-06, 3.6E-05, 3.8E-05, 4.4E-05, 3.3E-05, 4.5E-05, 1.1E-04, 4.5E-05, 7.0E-05, 2.7E-06, 4.3E-06, 6.2E-06, 8.3E-06, 1.0E-05, 1.3E-05, 2.4E-05, 2.3E-05, 5.5E-05, 2.5E-05, 1.7E-05, 9.2E-06, 5.6E-06, 2.9E-06, 8.7E-07, 4.9E-05, 2.9E-05, 3.2E-05, 3.1E-05, 2.2E-05, 2.5E-05, 5.8E-06, 3.8E-07, 3.3E-05, 2.1E-06, 1.0E+02, 1.0E+02, 1.0E+02, 1.0E+02, 1.0E+02, 1.0E+02, 1.0E+02, 1.0E+02, 1.0E+02, 1.0E+02, 1.0E+02, 1.0E+02, 1.0E+02, 1.0E+02, 1.0E+02, 1.0E+02, 1.0E+02, 1.0E+02, 1.0E+02, 1.0E+02, 1.0E+02, 1.0E+02, 1.0E+02, 1.0E+02, 1.0E+02, 1.0E+02, 1.0E+02, 1.0E+02, 1.0E+02, 1.0E+02, 3.2E-06, 2.0E-07, 3.0E-06, 3.2E-06, 2.6E-06, 8.2E-06, 1.7E-07, 2.4E-07, 2.8E-06, 3.3E-06, 8.7E-06, 4.4E-07, 2.5E-06, 3.4E-06, 2.7E-06, 2.6E-06, 5.9E-06, 1.5E-05, 2.9E-05, 5.2E-07, 9.2E-07, 8.1E-06, 5.4E-06, 2.2E-06, 2.5E-05, 2.6E-05, 2.7E-05, 2.7E-05, 2.7E-05, 2.7E-05, 2.7E-05, 2.5E-05, 3.1E-05, 1.8E-05, 8.7E-06, 2.1E-06, 4.5E-07, 3.8E-06, 2.1E-06, 1.1E-05, 1.1E-06, 5.3E-07, 1.9E-07, 9.1E-06, 1.8E-06, 4.8E-07, 2.3E-07, 9.0E-08, 6.3E-08, 2.3E-06, 1.7E-07, 3.4E-07, 3.3E-08, 9.2E-08, 1.1E-06, 7.2E-07, 1.4E-06, 1.5E-06, 9.9E-08, 2.4E-06, 4.4E-07, 6.9E-06, 4.9E+01, 1.0E+02, 1.0E+02, 1.0E+02, 1.0E+02, 1.0E+02, 1.0E+02, 1.0E+02, 1.0E+02, 1.0E+02, 1.0E+02, 1.0E+02, 1.0E+02, 7.3E+01, 3.3E-06, 8.7E-07, 9.3E-07, 5.1E-07, 2.2E-06, 1.4E-07, 2.0E-07, 4.1E-06, 9.3E-07, 9.2E-08, 7.3E-08, 2.7E-06, 5.9E-08, 6.3E-06, 1.6E+01, 1.6E+01, 1.6E+01, 1.6E+01, 1.6E+01, 1.6E+01, 6.6E-08, 1.6E+01, 1.2E+02, 1.2E+02, 1.2E+02, 1.2E+02, 1.2E+02, 1.2E+02, 1.2E+02, 1.2E+02, 1.0E+02, 1.0E+02, 1.0E+02, 1.0E+02, 1.0E+02, 1.0E+02, 1.0E+02, 1.0E+02, 1.0E+02, 1.0E+02, 1.0E+02, 1.0E+02, 1.0E+02, 1.0E+02, 1.0E+02, 1.0E+02, 1.0E+02, 1.0E+02, 1.0E+02, 1.0E+02, 1.0E+02, 1.0E+02, 1.0E+02, 1.6E+01, 1.6E+01, 1.6E+01, 1.6E+01, 1.6E+01, 1.6E+01, 1.6E+01, 3.5E-06, 1.4E-06, 6.3E-06, 8.2E-06, 9.7E-07, 3.8E-06, 1.1E-05, 5.1E-05, 3.7E-05, 7.5E-06, 2.4E-05, 2.9E-05, 1.8E-05, 7.2E-05, 4.2E-05, 4.8E-05, 4.7E-05, 4.3E-05, 4.6E-05, 1.2E-04, 6.3E-05, 2.2E-06, 1.2E-05, 1.2E-05, 6.1E-05, 7.1E-06, 7.6E-06, 7.9E-06, 7.9E-06, 4.7E-06, 3.4E-06, 1.6E-06, 8.5E-05, 2.9E-05, 1.6E+01, 1.6E+01, 1.6E+01, 1.6E+01, 1.6E+01, 1.6E+01, 1.6E+01, 1.2E+02, 1.2E+02, 1.0E+02, 1.0E+02, 1.0E+02, 1.0E+02, 1.0E+02, 1.0E+02, 1.0E+02, 1.0E+02, 1.0E+02, 1.0E+02, 1.0E+02, 1.0E+02, 1.0E+02, 1.0E+02, 1.0E+02, 1.0E+02, 1.0E+02, 1.2E+02, 1.2E+02, 1.2E+02, 1.2E+02, 1.2E+02, 1.2E+02, 1.2E+02, 1.2E+02, 1.2E+02, 1.6E+01, 1.6E+01, 1.6E+01, 5.3E-05, 7.5E-06, 9.5E-06, 6.3E-06, 2.7E-06, 2.3E-05, 3.0E-05, 6.1E-05, 4.4E-05, 6.4E-05, 7.0E-05, 9.1E-05, 5.0E-05, 5.8E-05, 4.3E-05, 6.6E-05, 4.3E-06, 1.5E-05, 3.2E-05, 7.3E-05, 1.6E-06, 1.8E-06, 2.3E-06, 6.9E-06, 3.9E-05, 6.9E-06, 2.7E-06, 2.1E-06, 1.6E+01, 4.4E-06, 4.8E-06, 5.5E-06, 2.3E-05, 5.1E-06, 2.8E-05, 1.2E-05, 1.5E-08, 1.1E-04, 4.3E-05, 2.3E-05, 3.0E-07, 2.4E-05, 1.5E-05, 1.4E-05, 3.9E-07, 3.9E-07, 2.5E-06, 6.3E-07, 1.2E-07, 1.0E+02, 1.0E+02, 1.0E+02, 1.0E+02, 1.0E+02, 1.0E+02, 1.0E+02, 1.0E+02, 1.2E+02, 1.2E+02, 1.2E+02, 1.2E+02, 1.2E+02, 1.0E+02, 1.0E+02, 1.0E+02, 1.0E+02, 1.0E+02, 1.0E+02, 1.0E+02, 1.0E+02, 1.0E+02, 1.0E+02, 1.0E+02, 1.0E+02, 1.0E+02, 1.0E+02, 1.2E+02, 1.2E+02, 9.2E+01, 1.2E-06, 9.1E-06, 5.6E-07, 3.2E-06, 1.2E-05, 2.2E-05, 5.3E-05, 2.8E-06, 3.8E-06, 9.5E-06, 1.3E-05, 3.8E-05, 5.9E-06, 1.8E-05, 2.9E-05, 1.9E-05, 2.4E-05, 2.8E-05, 1.4E-05, 6.6E-06, 1.6E-05, 4.4E-05, 3.7E-05, 3.5E-05, 2.7E-05, 3.2E-05, 3.2E-05, 3.3E-05, 3.3E-05, 3.2E-05, 3.2E-05, 3.1E-05, 3.1E-05, 2.9E-05, 1.6E+01, 3.4E-05, 3.1E-05, 2.6E-05, 1.1E-05, 2.7E-06, 1.1E-06, 2.7E-06, 1.2E-05, 1.8E-06, 1.3E-06, 7.8E-07, 1.4E-06, 1.6E+01, 1.6E+01, 1.6E+01, 1.6E+01, 1.6E+01, 1.6E+01, 1.6E+01, 1.6E+01, 3.6E-07, 3.2E-06, 8.4E-01, 3.9E+00, 4.7E+00, 4.7E+00, 4.4E+00, 4.9E+00, 4.7E+00, 4.8E+00, 5.1E+00, 5.2E+00, 5.5E+00, 5.6E+00, 6.1E+00, 6.4E+00, 7.2E+00, 8.0E+00, 1.0E+01, 3.4E+01, 1.2E+02, 1.2E+02, 1.2E+02, 1.2E+02, 1.2E+02, 1.2E+02, 1.2E+02, 1.2E+02, 1.2E+02, 1.8E+01, 1.6E+01, 1.6E+01, 1.6E+01, 1.6E+01, 1.6E+01, 1.6E+01, 1.6E+01, 1.6E+01, 1.4E+01, 1.6E+01, 1.5E+01, 1.6E+01, 1.6E+01, 1.6E+01, 1.6E+01, 4.6E+00, 1.6E+01, 1.2E+02, 1.2E+02, 1.2E+02, 1.2E+02, 2.7E+01, 1.6E+01, 1.6E+01, 1.6E+01, 1.6E+01, 1.6E+01, 1.6E+01, 2.6E-07, 1.0E+02, 1.0E+02, 1.0E+02, 1.0E+02, 1.0E+02, 1.0E+02, 1.0E+02, 1.0E+02, 1.0E+02, 1.0E+02, 1.0E+02, 1.0E+02, 1.0E+02, 1.0E+02, 1.2E+02, 1.2E+02, 1.2E+02, 1.2E+02, 1.2E+02, 1.2E+02, 1.2E+02, 1.2E+02, 1.2E+02, 1.2E+02, 1.2E+02, 1.6E+01, 2.1E-04, 1.6E-05, 9.2E-06, 7.0E-06, 8.6E-06, 9.2E-06, 7.5E-06, 1.6E-06, 7.1E-06, 7.9E-06, 3.9E-06, 5.0E-06, 1.3E-05, 4.3E-06, 4.0E-06, 1.6E-05, 1.6E+01, 1.6E+01, 1.6E+01, 1.6E+01, 1.6E+01, 1.6E+01, 1.6E+01, 1.6E+01, 1.6E+01, 1.6E+01, 1.6E+01, 1.6E+01, 1.6E+01, 1.6E+01, 1.6E+01, 1.6E+01, 1.4E-05, 2.7E-05, 1.6E+01, 1.7E-04, 4.1E-06, 5.2E-06, 4.8E-06, 3.8E-06, 2.3E-06, 1.0E-06, 4.9E-07, 4.8E-07, 3.1E-06, 2.4E-05, 4.5E-05, 3.5E-05, 1.3E-05, 1.9E-06, 4.3E-05, 2.2E-07, 1.0E+02, 1.0E+02, 1.0E+02, 1.0E+02, 1.0E+02, 1.0E+02, 1.0E+02, 1.0E+02, 1.0E+02, 1.0E+02, 1.0E+02, 1.0E+02, 1.0E+02, 1.0E+02, 1.0E+02, 1.0E+02, 1.0E+02, 1.0E+02, 1.0E+02, 1.0E+02, 1.2E+02, 1.2E+02, 1.2E+02, 1.2E+02, 1.2E+02, 1.2E+02, 9.1E-06, 1.1E-05, 1.2E-05, 7.6E-06, 1.5E-05, 1.3E-06, 8.8E-07, 8.5E-06, 6.1E-06, 1.4E-05, 2.5E-06, 2.9E-06, 2.9E-06, 2.2E-06, 3.2E-06, 1.2E-05, 2.3E-05, 4.1E-05, 1.6E+01, 1.6E+01, 1.6E+01, 1.6E+01, 1.6E+01, 3.2E-05, 4.2E-05, 3.2E-05, 1.6E+01, 1.6E+01, 1.6E+01, 2.3E-05, 1.7E-05, 7.0E-06, 3.3E-05, 3.7E-05, 3.1E-05, 3.7E-05, 4.6E-07, 6.7E-06, 1.5E-06, 1.9E-06, 1.0E+02, 1.0E+02, 1.0E+02, 1.0E+02, 1.0E+02, 1.0E+02, 1.0E+02, 1.0E+02, 1.0E+02, 1.0E+02, 1.0E+02, 1.0E+02, 1.0E+02, 1.0E+02, 1.0E+02, 1.0E+02, 1.0E+02, 1.0E+02, 1.0E+02, 1.0E+02, 1.0E+02, 1.2E+02, 1.2E+02, 1.2E+02, 1.2E+02, 1.6E+01, 1.6E+01, 1.6E+01, 1.6E+01, 1.6E+01, 1.6E+01, 1.6E+01, 1.6E+01, 1.6E+01, 1.6E+01, 1.6E+01, 1.6E+01, 1.6E+01, 1.6E+01, 1.6E+01, 1.6E+01, 4.0E-05, 5.7E-05, 4.2E-05, 4.4E-05, 3.9E-05, 9.0E-05, 9.6E-05, 8.5E-05, 2.8E-06, 8.1E-05, 5.7E-06, 8.6E-06, 1.0E-05, 1.0E-05, 1.6E-05, 1.5E-05, 8.6E-06, 1.1E-05, 8.3E-06, 4.6E-06, 2.3E-06, 1.6E+01, 1.6E+01, 1.6E+01, 1.6E+01, 1.6E+01, 1.6E+01, 1.6E+01, 3.9E-06, 6.5E-07, 3.8E-05, 9.8E-07, 3.8E-07, 3.4E-07, 2.1E-06, 4.9E-07, 3.5E-07, 2.1E-07, 4.3E-06, 2.7E-07, 3.1E-07, 1.6E+01, 1.2E+02, 1.2E+02, 1.2E+02, 1.6E+01, 1.6E+01, 1.6E+01, 7.2E-06, 1.3E-05, 5.5E-05, 5.9E-07, 1.7E-06, 2.1E-06, 1.6E-06, 1.4E-05, 1.1E-07, 1.5E-06, 2.0E-06, 2.2E-06, 1.8E-06, 1.6E-06, 1.1E-06, 9.7E-07, 8.9E-07, 1.0E-06, 9.1E-07, 1.4E-06, 1.5E-04, 2.2E-06, 8.8E-07, 1.0E-06, 1.2E-06, 1.1E-06, 2.2E-06, 2.4E-06, 1.1E-06, 1.2E-06, 1.6E+01, 1.2E+02, 1.2E+02, 1.2E+02, 1.2E+02, 1.2E+02, 1.2E+02, 1.2E+02, 1.2E+02, 1.2E+02, 1.2E+02, 1.2E+02, 1.2E+02, 1.2E+02, 1.2E+02, 1.2E+02, 5.9E+01, 1.2E+02, 1.2E+02, 1.2E+02, 1.2E+02, 1.2E+02, 1.2E+02, 1.2E+02, 1.2E+02, 1.2E+02, 1.2E+02, 1.2E+02, 1.2E+02, 1.2E+02, 1.2E+02, 1.2E+02, 1.2E+02, 1.2E+02, 1.2E+02, 1.2E+02, 1.6E+01, 1.6E+01, 1.6E+01, 1.6E+01, 1.6E+01, 1.6E+01, 1.6E+01, 2.1E-06, 6.7E-07, 1.3E-05, 1.9E-06, 5.5E-06, 4.9E-06, 8.8E-06, 3.0E-05, 1.8E-06, 8.8E-06, 6.2E-06, 4.1E-05, 1.5E-05, 2.8E-05, 3.5E-05, 4.2E-05, 5.8E-06, 9.8E-06, 1.7E-06, 1.9E-06, 1.3E-05, 2.8E-06, 3.4E-06, 6.3E-06, 4.3E-06, 8.0E-08, 6.8E-06, 8.3E-07, 5.5E-07, 3.4E-06, 5.4E-07, 3.6E-07, 1.6E+01, 1.6E+01, 1.6E+01, 1.6E+01, 1.6E+01, 1.6E+01, 1.6E+01, 1.6E+01, 1.6E+01, 1.6E+01, 1.6E+01, 1.6E+01, 1.6E+01, 6.8E-07, 3.1E-07, 2.4E-07, 9.6E-07, 6.8E-06, 3.7E-07, 1.0E+02, 1.0E+02, 1.0E+02, 1.0E+02, 1.0E+02, 1.0E+02, 1.0E+02, 1.0E+02, 1.0E+02, 1.0E+02, 1.0E+02, 1.0E+02, 1.0E+02, 1.0E+02, 1.0E+02, 1.0E+02, 1.0E+02, 1.0E+02, 1.0E+02, 1.0E+02, 1.0E+02, 1.0E+02, 1.0E+02, 1.0E+02, 1.0E+02, 1.0E+02, 1.0E+02, 8.9E-08, 3.7E-07, 3.0E-06, 5.9E-08, 8.1E-08, 1.8E-07, 5.3E-07, 2.3E-06, 4.7E-06, 1.4E-05, 1.5E-06, 1.7E-06, 6.5E-06, 1.5E-05, 2.8E-06, 1.5E-06, 2.1E-06, 4.3E-06, 6.7E-06, 6.9E-06, 8.4E-06, 5.9E-05, 1.5E-05, 1.7E-05, 1.7E-05, 1.4E-05, 1.2E-05, 2.4E-05, 1.0E-05, 2.0E-05, 1.2E-05, 5.6E-07, 2.2E-05, 7.8E-07, 1.0E+02, 1.0E+02, 1.0E+02, 1.0E+02, 1.0E+02, 1.0E+02, 1.0E+02, 1.0E+02, 1.0E+02, 1.0E+02, 1.0E+02, 1.2E+02, 1.2E+02, 1.2E+02, 1.2E+02, 1.2E+02, 1.2E+02, 1.2E+02, 1.2E+02, 1.2E+02, 1.2E+02, 1.2E+02, 1.2E+02, 1.2E+02, 1.6E+01, 1.6E+01, 1.6E+01, 1.6E+01, 1.6E+01, 4.8E-07, 9.6E-07, 1.8E-06, 1.6E-05, 4.8E-06, 2.0E-05, 9.3E-06, 2.4E-05, 2.5E-05, 2.9E-05, 3.6E-05, 4.0E-05, 3.2E-06, 5.0E-06, 2.3E-05, 6.0E-05, 1.1E-04, 1.2E-04, 1.2E-04, 1.3E-04, 1.3E-06, 1.5E-06, 1.8E-06, 5.0E-06, 3.7E-06, 9.5E-06, 8.7E-06, 5.1E-06, 2.6E-06, 9.6E-07, 1.8E-05, 1.1E-05, 5.5E-06, 1.7E-06, 8.2E-05, 2.6E-05, 4.5E-07, 4.0E-07, 2.0E-05, 7.7E-06, 1.7E-06, 6.5E-07, 6.2E-07, 7.0E-06, 6.8E-06, 5.2E-07, 2.5E-07, 1.0E-06, 3.5E-07, 1.3E-07, 5.2E-07, 1.2E+02, 1.2E+02, 1.2E+02, 1.3E-06, 1.6E+01, 1.6E+01, 1.6E+01, 1.6E+01, 1.6E+01, 1.6E+01, 1.6E+01, 1.6E+01, 1.6E+01, 1.6E+01, 1.6E+01, 1.6E+01, 1.6E+01, 1.6E+01, 1.6E+01, 1.6E+01, 1.6E+01, 1.6E+01, 5.5E-07, 4.2E-07, 3.0E-07, 3.5E-07, 1.4E-06, 3.3E-06, 1.7E-06, 4.9E-07, 6.7E-08, 2.7E-07, 2.2E+00, 1.2E+02, 1.2E+02, 1.2E+02, 1.2E+02, 1.2E+02, 1.2E+02, 1.2E+02, 1.2E+02, 5.0E-07, 1.2E-06, 3.4E-07, 5.4E-07, 2.1E-06, 4.1E-06, 9.6E-06, 1.6E-06, 1.1E-04, 6.5E+00, 7.0E+00, 6.7E+00, 7.5E+00, 1.6E+01, 1.6E+01, 1.6E+01, 1.6E+01, 1.6E+01, 1.6E+01, 1.6E+01, 1.6E+01, 1.6E+01, 8.0E+01, 1.2E+02, 1.2E+02, 1.2E+02, 1.2E+02, 1.2E+02, 1.2E+02, 1.2E+02, 1.2E+02, 1.2E+02, 1.2E+02, 1.2E+02, 1.2E+02, 1.2E+02, 1.2E+02, 1.2E+02, 1.2E+02, 1.2E+02, 1.2E+02, 1.2E+02, 1.2E+02, 1.2E+02, 1.2E+02, 1.2E+02, 1.2E+02, 1.2E+02, 1.6E+01, 1.6E+01, 1.6E+01, 1.6E+01, 1.6E+01, 1.6E+01, 1.6E+01, 1.6E+01, 1.6E+01, 1.6E+01, 1.6E+01, 1.6E+01, 1.6E+01, 1.6E+01, 1.7E-05, 9.2E-06, 7.7E-06, 1.1E-05, 1.5E-05, 7.7E-06, 1.2E-05, 3.2E-05, 2.4E-05, 5.8E-05, 2.1E-05, 2.8E-05, 2.7E-05, 3.5E-05, 4.0E-05, 4.8E-05, 3.9E-05, 6.9E-05, 1.6E+01, 4.0E-06, 5.4E-06, 9.4E-06, 1.2E-05, 9.7E-06, 9.8E-06, 8.9E-06, 1.6E+01, 1.6E+01, 1.6E+01, 1.6E+01, 1.6E+01, 1.6E+01, 1.6E+01, 1.6E+01, 1.6E+01, 1.6E+01, 1.6E+01, 1.6E+01, 1.6E+01, 5.9E-07, 3.5E-05, 3.0E-06, 5.4E-06, 1.7E-06, 1.2E+02, 1.2E+02, 1.2E+02, 1.2E+02, 1.2E+02, 1.2E+02, 1.2E+02, 1.2E+02, 1.2E+02, 1.2E+02, 1.2E+02, 1.2E+02, 1.2E+02, 1.2E+02, 1.2E+02, 1.2E+02, 1.2E+02, 1.2E+02, 1.2E+02, 1.2E+02, 1.2E+02, 1.2E+02, 1.2E+02, 1.2E+02, 1.2E+02, 1.8E-06, 4.5E-07, 5.1E-07, 1.6E+01, 1.6E+01, 1.6E+01, 1.6E+01, 1.6E+01, 1.6E+01, 1.6E+01, 1.6E+01, 1.6E+01, 1.6E+01, 1.6E+01, 1.6E+01, 1.6E+01, 4.3E-05, 8.5E-05, 5.5E-06, 2.2E-05, 3.0E-06, 7.2E-06, 6.1E-06, 4.1E-06, 1.6E+01, 1.6E+01, 1.6E+01, 1.6E+01, 1.6E+01, 1.6E+01, 1.6E+01, 1.6E+01, 1.6E+01, 1.6E+01, 1.6E+01, 1.6E+01, 1.6E+01, 1.6E+01, 1.6E+01, 1.6E+01, 1.6E+01, 1.6E+01, 1.6E+01, 1.6E+01, 1.6E+01, 1.6E+01, 1.2E+02, 1.2E+02, 1.2E+02, 1.2E+02, 1.2E+02, 1.2E+02, 1.2E+02, 1.2E+02, 1.2E+02, 1.2E+02, 1.2E+02, 1.2E+02, 1.2E+02, 1.2E+02, 1.2E+02, 1.2E+02, 1.2E+02, 1.2E+02, 1.2E+02, 1.2E+02, 1.2E+02, 1.2E+02, 1.2E+02, 8.8E-06, 3.2E-05, 4.2E-06, 2.8E-05, 6.4E-06, 1.1E-05, 4.4E-06, 9.8E-06, 8.1E-06, 2.9E-06, 4.1E-06, 6.9E-06, 3.9E-06, 2.1E-06, 1.5E-05, 3.0E-05, 9.3E-06, 2.6E-06, 5.4E-06, 1.2E-05, 5.1E-06, 1.6E+01, 1.6E+01, 1.1E-06, 2.3E-07, 7.2E-07, 4.9E-09, 8.5E-09, 3.7E-08, 6.3E-08, 2.7E-08, 1.2E-06, 4.8E-08, 1.6E+01, 1.6E+01, 1.6E+01, 1.6E+01, 1.6E+01, 1.6E+01, 1.6E+01, 1.6E+01, 1.6E+01, 1.6E+01, 1.3E-05, 2.9E-07, 1.6E-08, 1.6E-07, 1.5E-08, 9.5E-09, 3.8E-08, 6.2E-08, 8.2E-08, 8.3E-08, 8.5E-08, 9.7E-08, 2.1E-07, 4.4E-07, 7.1E-07, 8.0E-07, 2.2E-06, 4.0E-07, 1.9E-07, 1.9E-07, 1.3E-07, 1.3E-07, 1.5E-07, 1.5E-07, 1.2E-07, 8.0E-08, 2.2E-06, 2.0E-06, 1.4E-06, 2.5E-05, 5.0E-06, 7.3E-09, 1.0E+02, 1.0E+02, 1.0E+02, 1.0E+02, 1.0E+02, 1.0E+02, 1.0E+02, 1.0E+02, 1.0E+02, 1.0E+02, 1.0E+02, 1.0E+02, 1.0E+02, 1.0E+02, 1.0E+02, 1.0E+02, 1.0E+02, 1.2E-07, 3.6E-08, 3.7E-07, 1.6E-06, 3.3E-08, 3.9E-06, 2.0E-05, 1.6E-05, 1.6E-05, 4.9E-05, 6.1E-07, 4.2E-08, 3.3E-06, 1.3E-06, 9.6E-05, 4.1E-05, 6.9E-05, 6.8E-07, 1.3E-06, 6.4E-07, 7.2E-07, 7.2E-07, 1.7E-06, 1.6E+01, 1.6E+01, 1.6E+01, 1.6E+01, 1.6E+01, 1.6E+01, 1.6E+01, 1.6E+01, 4.1E-06, 9.5E-06, 2.3E-05, 2.0E-06, 5.0E-06, 3.3E-08, 1.3E-07, 1.0E+02, 1.0E+02, 1.0E+02, 1.6E+01, 1.6E+01, 1.6E+01, 1.6E+01, 1.6E+01, 1.6E+01, 1.6E+01, 1.6E+01, 1.2E-05, 1.0E+02, 1.0E+02, 1.0E+02, 1.0E+02, 1.0E+02, 1.0E+02, 1.0E+02, 1.0E+02, 1.0E+02, 1.0E+02, 1.0E+02, 1.0E+02, 1.0E+02, 1.0E+02, 1.0E+02, 1.0E+02, 1.0E+02, 1.0E+02, 1.0E+02, 1.0E+02, 1.0E+02, 1.0E+02, 1.0E+02, 1.0E+02, 2.7E-07, 1.9E-07, 2.9E-08, 5.2E-08, 6.5E-08, 4.6E-05, 3.7E-05, 6.8E-06, 1.0E-05, 1.3E-05, 1.4E-05, 1.9E-05, 3.7E-06, 7.2E-05, 4.4E-05, 1.6E-05, 1.6E+01, 1.6E+01, 2.4E-06, 4.5E-05, 5.3E-06, 7.0E-06, 9.1E-06, 1.0E-05, 1.1E-05, 3.2E-06, 1.6E+01, 1.2E+02, 1.2E+02, 1.2E+02, 1.2E+02, 1.2E+02, 1.2E+02, 1.2E+02, 1.2E+02, 1.2E+02, 1.2E+02, 1.2E+02, 1.2E+02, 1.2E+02, 1.2E+02, 1.0E+02, 1.0E+02, 1.0E+02, 1.0E+02, 1.0E+02, 1.0E+02, 1.0E+02, 1.0E+02, 1.0E+02, 9.1E-07, 6.2E-06, 8.2E-08, 3.0E-05, 8.4E-07, 2.5E-05, 3.1E-05, 2.9E-05, 3.7E-05, 5.8E-05, 2.0E-05, 4.0E-05, 5.9E-05, 5.2E-05, 3.7E-06, 4.6E-06, 1.6E+01, 1.6E+01, 1.6E+01, 1.6E+01, 1.6E+01, 1.6E+01, 1.6E+01, 1.6E+01, 7.0E-07, 5.9E-06, 1.0E-05, 3.3E-06, 1.1E-06, 4.3E-07, 4.2E-07, 2.1E-07, 3.1E-06, 2.2E-06, 8.3E-07, 1.0E-06, 5.6E-07, 2.5E-07, 1.4E-07, 3.7E-06, 3.4E-06, 2.9E-06, 2.6E-06, 1.1E-05, 3.8E-06, 1.2E-06, 5.6E-07, 2.0E-05, 6.0E-06, 7.4E-07, 2.3E-06, 8.6E-07, 6.5E-07, 4.0E-07, 1.0E+02, 1.0E+02, 1.0E+02, 1.0E+02, 1.0E+02, 1.0E+02, 1.0E+02, 1.0E+02, 1.0E+02, 1.0E+02, 1.0E+02, 1.0E+02, 1.0E+02, 1.0E+02, 1.0E+02, 1.0E+02, 1.0E+02, 1.0E+02, 1.0E+02, 1.0E+02, 1.0E+02, 1.0E+02, 1.0E+02, 1.2E+02, 1.2E+02, 1.2E+02, 1.2E+02, 1.2E+02, 1.2E+02, 1.2E+02, 1.2E+02, 1.6E-06, 6.8E-06, 2.6E-06, 3.6E-06, 3.7E-06, 3.9E-06, 4.4E-06, 9.6E-07, 1.0E-06, 3.7E-06, 5.4E-06, 4.1E-07, 2.6E-06, 4.0E-07, 2.8E-06, 7.7E-06, 3.2E-05, 9.4E-07, 6.3E-06, 1.9E-05, 3.1E-05, 1.1E-07, 3.2E-05, 3.4E-05, 4.4E-05, 4.4E-05, 4.4E-05, 3.1E-06, 4.7E-05, 4.6E-05, 1.6E+01, 1.6E+01, 1.6E+01, 1.6E+01, 1.6E+01, 1.6E+01, 1.6E+01, 1.6E+01, 1.6E+01, 1.6E+01, 3.6E-05, 2.1E-05, 3.8E-06, 1.2E-06, 5.1E-07, 3.6E-05, 1.2E-06, 1.7E-06, 1.1E-06, 7.2E-07, 3.7E-07, 9.3E-06, 5.1E-07, 3.0E-07, 3.1E-07, 2.1E-07, 1.1E-07, 5.1E-07, 1.4E-07, 2.6E-07, 1.5E-06, 4.3E-07, 3.6E-07, 4.9E-07, 1.3E-06, 7.9E-07, 1.6E-05, 2.2E-05, 9.2E-07, 1.2E-06, 1.8E-06, 3.1E-07, 1.6E-06, 2.3E-06, 2.0E-06, 1.4E-06, 1.1E-05, 1.8E-06, 4.4E+01, 1.2E+02, 1.2E+02, 1.2E+02, 1.2E+02, 1.2E+02, 1.2E+02, 1.2E+02, 1.2E+02, 1.2E+02, 1.2E+02, 1.2E+02, 1.6E+01, 1.6E+01, 1.6E+01, 1.6E+01, 1.6E+01, 1.6E+01, 1.6E+01, 1.6E+01, 1.2E+02, 1.2E+02, 1.2E+02, 1.2E+02, 1.2E+02, 1.2E+02, 1.2E+02, 1.2E+02, 1.2E+02, 1.2E+02, 1.0E+02, 1.0E+02, 1.0E+02, 1.0E+02, 1.0E+02, 1.0E+02, 1.0E+02, 1.0E+02, 1.0E+02, 1.0E+02, 1.0E+02, 1.0E+02, 1.0E+02, 5.0E-07, 2.4E-07, 1.9E-07, 1.6E-07, 1.5E-07, 1.3E-07, 1.1E-07, 7.8E-08, 4.5E-08, 7.4E-08, 9.9E-08, 1.2E-07, 1.9E-06, 4.1E-06, 5.3E-06, 1.5E-07, 2.0E-06, 2.4E-06, 9.3E-06, 7.6E-06, 2.5E-06, 4.2E-06, 4.1E-06, 1.1E-05, 2.1E-05, 5.9E-05, 8.2E-05, 4.9E-05, 4.1E-05, 5.0E-05, 5.2E-05, 4.8E-05, 3.7E-05, 2.2E-05, 2.5E-05, 2.1E-05, 1.8E-05, 1.2E-05, 1.2E-05, 7.9E-07, 9.8E-07, 3.2E-05, 1.7E-05, 4.8E-06, 1.8E-06, 2.2E-06, 8.6E-07, 3.9E-07, 1.7E-06, 2.7E-06, 8.3E-07, 1.1E-06, 2.1E-06, 1.1E+01, 1.6E+01, 1.2E+02, 1.2E+02, 1.2E+02, 1.2E+02, 1.2E+02, 1.2E+02, 1.2E+02, 1.2E+02, 1.2E+02, 1.2E+02, 1.2E+02, 1.2E+02, 1.2E+02, 1.2E+02, 1.2E+02, 1.2E+02, 1.2E+02, 1.2E+02, 1.2E+02, 1.2E+02, 1.2E+02, 1.2E+02, 1.2E+02, 1.2E+02, 1.2E+02, 1.2E+02, 1.2E+02, 2.9E+01, 6.3E-07, 2.0E-07, 8.6E-08, 9.1E-08, 1.2E-07, 1.3E-07, 4.2E-06, 3.8E-06, 3.3E-06, 1.5E-06, 5.6E-06, 1.1E-05, 7.5E-07, 3.8E-06, 5.5E-06, 7.1E-06, 2.7E-05, 4.3E-05, 5.8E-06, 3.4E-05, 5.3E-05, 2.6E-05, 3.2E-05, 3.8E-05, 7.5E-05, 6.9E-05, 7.6E-05, 5.7E-05, 6.9E-05, 2.0E-06, 5.5E-06, 2.6E-06, 2.0E-06, 7.9E-05, 3.2E-05, 9.1E-06, 6.3E-06, 4.4E-07, 1.2E+02, 1.2E+02, 1.2E+02, 1.2E+02, 1.2E+02, 1.2E+02, 1.2E+02, 1.2E+02, 1.2E+02, 1.2E+02, 1.2E+02, 1.0E+02, 1.0E+02, 1.0E+02, 1.0E+02, 1.0E+02, 1.0E+02, 1.0E+02, 1.0E+02, 1.0E+02, 1.0E+02, 1.0E+02, 1.0E+02, 9.0E-07, 8.5E-07, 1.2E-06, 3.6E-06, 3.3E-05, 4.0E-07, 1.7E-05, 4.0E-05, 1.9E-05, 1.2E-06, 2.4E-05, 4.1E-05, 8.2E-09, 3.9E-06, 9.6E-06, 2.1E-05, 1.2E-06, 2.5E-06, 5.4E-06, 2.8E-06, 3.0E-06, 3.0E-06, 2.9E-06, 2.8E-06, 2.9E-06, 3.0E-06, 3.0E-06, 2.9E-06, 2.9E-06, 3.1E-06, 3.0E-06, 3.1E-06, 1.6E-06, 8.2E-07, 1.2E-06, 6.4E-06, 1.1E-04, 5.0E-07, 3.4E-07, 2.7E-07, 2.4E-07, 1.3E-05, 7.1E-06, 4.4E-07, 4.1E-07, 1.9E-05, 7.2E-06, 6.2E-06, 4.4E-07, 2.0E-07, 3.6E-07, 1.0E+02, 1.0E+02, 1.0E+02, 1.0E+02, 1.0E+02, 3.2E-05, 1.8E-05, 5.0E-07, 1.5E-07, 1.5E-07, 3.5E-08, 2.0E-08, 4.9E-07, 2.4E-07, 3.1E-08, 4.1E-09, 7.2E-05, 7.0E-07, 2.9E-08, 3.0E-08, 1.0E-06, 5.7E-07, 3.5E-07, 4.5E-07, 2.3E-07, 3.3E-07, 3.3E-08, 4.2E-08, 1.1E-07, 1.5E-06, 1.6E-07, 4.9E-07, 3.8E+01, 1.0E+02, 1.0E+02, 1.0E+02, 1.0E+02, 1.0E+02, 1.0E+02, 1.0E+02, 1.0E+02, 1.0E+02, 1.0E+02, 1.0E+02, 9.3E+01, 2.1E-07, 1.2E-07, 1.1E-07, 3.3E-08, 4.6E-08, 3.5E-08, 1.7E-07, 3.3E-07, 2.2E-06, 2.7E-07, 2.5E-07, 7.4E-08, 2.3E-08, 3.3E-08, 1.5E-07, 3.5E-08, 4.5E-10, 4.6E-08, 2.5E-14, 4.3E-09, 7.1E-15, 1.1E-14, 1.3E+01, 1.2E+02, 1.2E+02, 1.2E+02, 1.2E+02, 1.2E+02, 1.2E+02, 1.2E+02, 1.2E+02, 1.2E+02, 1.2E+02, 1.2E+02, 1.2E+02, 1.2E+02, 1.2E+02, 1.2E+02, 1.2E+02, 1.2E+02, 1.2E+02, 1.2E+02, 1.2E+02, 1.2E+02, 1.2E+02, 1.2E+02, 1.2E+02, 1.2E+02, 1.2E+02, 5.6E+01, 1.6E+01, 1.7E-07, 1.3E-07, 1.2E-07, 1.1E-07, 1.0E-07, 9.7E-08, 8.7E-08, 7.1E-08, 4.7E-08, 2.2E-08, 8.4E-08, 9.4E-08, 1.5E-06, 3.3E-06, 5.3E-08, 1.5E-07, 2.4E-06, 3.0E-06, 1.9E-05, 1.7E-06, 2.0E-06, 2.3E-06, 4.7E-06, 1.2E-05, 2.8E-05, 3.0E-06, 9.4E-06, 1.3E-05, 2.0E-05, 1.6E-05, 2.1E-05, 2.3E-05, 2.4E-05, 2.5E-05, 2.5E-05, 2.5E-05, 2.6E-05, 2.6E-05, 2.7E-05, 2.6E-05, 3.3E-05, 5.0E-07, 2.9E-06, 3.1E-07, 1.0E+02, 1.0E+02, 1.0E+02, 1.0E+02, 1.2E+02, 1.2E+02, 1.2E+02, 1.2E+02, 1.2E+02, 1.2E+02, 1.2E+02, 1.2E+02, 1.2E+02, 1.2E+02, 1.2E+02, 1.2E+02, 1.2E+02, 1.2E+02, 1.2E+02, 1.2E+02, 1.2E+02, 1.2E+02, 1.2E+02, 1.2E+02, 1.2E+02, 1.6E+01, 1.6E+01, 1.6E+01, 1.6E+01, 1.6E+01, 1.6E+01, 1.6E+01, 1.7E-06, 1.7E-06, 6.4E-05, 3.5E-05, 7.2E-06, 8.1E-05, 2.5E-05, 3.2E-05, 3.7E-05, 7.7E-05, 4.2E-06, 2.5E-05, 7.8E-05, 1.1E-04, 1.1E-04, 1.1E-06, 1.3E-06, 5.6E-06, 3.8E-06, 2.1E-06, 2.4E-06, 2.9E-06, 3.0E-06, 3.0E-06, 3.1E-06, 3.1E-06, 3.1E-06, 3.1E-06, 3.0E-06, 2.7E-06, 2.3E-06, 2.5E-06, 1.7E-06, 3.0E-06, 1.0E-05, 3.8E-06, 6.5E-05, 4.1E-07, 2.3E-05, 2.6E-07, 1.8E-05, 6.3E-06, 5.4E-07, 5.2E-06, 1.9E-06, 6.1E-07, 4.9E-07, 2.4E-07, 2.7E-06, 1.6E-07, 4.1E+00, 1.0E+02, 1.0E+02, 1.0E+02, 1.0E+02, 1.0E+02, 4.9E-06, 1.0E+02, 1.0E+02, 1.0E+02, 1.0E+02, 1.0E+02, 1.0E+02, 1.0E+02, 1.0E+02, 1.0E+02, 1.0E+02, 1.0E+02, 1.0E+02, 1.0E+02, 1.0E+02, 1.2E+02, 1.2E+02, 1.2E+02, 1.2E+02, 1.2E+02, 1.2E+02, 1.2E+02, 1.2E+02, 1.2E+02, 1.2E+02, 6.7E-05, 1.3E-06, 6.1E-07, 5.0E-07, 2.4E-07, 1.5E-07, 5.3E-07, 7.6E-07, 3.7E-07, 1.9E-07, 1.6E-06, 3.6E-06, 4.3E-06, 1.6E+01, 1.6E+01, 1.6E+01, 1.6E+01, 1.6E+01, 1.6E+01, 1.6E+01, 1.6E+01, 1.6E+01, 1.6E+01, 1.6E+01, 1.6E+01, 1.6E+01, 1.6E+01, 1.8E-05, 2.6E-05, 3.3E-05, 4.4E-05, 1.4E-06, 1.6E-06, 2.1E-06, 2.5E-06, 3.1E-06, 7.2E-06, 6.5E-06, 8.3E-06, 1.3E-05, 5.7E-05, 2.9E-05, 2.0E-05, 1.1E-05, 6.7E-06, 1.1E-05, 1.2E-05, 8.2E-07, 1.6E+01, 1.6E+01, 1.6E+01, 1.6E+01, 1.6E+01, 1.6E+01, 1.6E+01, 1.6E+01, 1.6E+01, 1.6E+01, 1.6E+01, 1.6E+01, 4.3E-08, 5.2E-06, 2.5E-07, 7.4E-07, 4.5E-07, 4.9E-07, 2.0E-06, 4.8E-06, 2.8E-06, 1.6E+01, 1.6E+01, 1.6E+01, 1.6E+01, 1.6E+01, 1.6E+01, 1.6E+01, 1.6E+01, 1.6E+01, 1.6E+01, 1.6E+01, 1.6E+01, 3.6E-06, 3.2E-07, 1.6E-05, 5.2E-07, 1.9E-07, 3.0E-06, 2.1E+01, 1.2E+02, 1.2E+02, 1.2E+02, 1.2E+02, 1.2E+02, 1.2E+02, 1.2E+02, 1.2E+02, 9.6E+01, 1.6E+01, 1.6E+01, 1.6E+01, 1.2E+02, 1.2E+02, 1.2E+02, 1.2E+02, 1.2E+02, 1.2E+02, 1.2E+02, 1.2E+02, 1.2E+02, 1.2E+02, 1.2E+02, 1.2E+02, 1.2E+02, 1.2E+02, 1.2E+02, 1.2E+02, 1.2E+02, 1.2E+02, 1.2E+02, 1.2E+02, 1.2E+02, 4.4E+01, 1.6E+01, 1.6E+01, 1.6E+01, 1.6E+01, 1.6E+01, 1.6E+01, 1.6E+01, 1.6E+01, 1.6E+01, 1.6E+01, 1.6E+01, 1.6E+01, 1.6E+01, 1.6E+01, 1.6E+01, 1.6E+01, 1.6E+01, 1.6E+01, 1.6E+01, 1.6E+01, 1.6E+01, 1.6E+01, 1.6E+01, 1.6E+01, 1.6E+01, 1.0E-05, 2.7E-05, 3.7E-05, 3.5E-05, 1.0E-06, 8.4E-06, 1.7E-06, 4.0E-06, 7.0E-07, 1.9E-05, 1.8E-05, 9.7E-07, 1.1E-06, 1.2E-06, 1.3E-06, 1.3E-06, 1.3E-06, 8.6E-05, 3.2E-05, 2.5E-05, 2.3E-05, 1.9E-05, 1.7E-05, 1.2E-04, 3.3E-05, 3.8E-05, 6.7E-07, 2.6E-05, 1.6E-05, 7.3E-06, 2.8E-05, 1.2E+02, 1.2E+02, 1.2E+02, 1.2E+02, 1.2E+02, 1.2E+02, 1.2E+02, 1.2E+02, 1.2E+02, 1.2E+02, 1.2E+02, 1.2E+02, 1.2E+02, 1.2E+02, 1.2E+02, 1.2E+02, 1.2E+02, 1.2E+02, 1.2E+02, 1.2E+02, 1.2E+02, 1.2E+02, 1.2E+02, 1.2E+02, 1.2E+02, 1.6E+01, 1.6E+01, 1.6E+01, 1.6E+01, 1.6E+01, 1.6E+01, 6.4E-07, 2.0E-06, 5.9E-06, 1.7E-05, 4.9E-05, 1.1E-05, 4.0E-05, 4.2E-05, 9.5E-05, 3.2E-05, 1.2E-04, 4.8E-06, 1.5E-05, 1.3E-06, 7.7E-06, 3.4E-06, 3.5E-06, 4.1E-06, 4.3E-06, 4.3E-06, 4.3E-06, 4.3E-06, 4.4E-06, 4.5E-06, 4.6E-06, 4.6E-06, 4.6E-06, 4.5E-06, 4.4E-06, 4.2E-06, 4.1E-06, 4.4E-06, 4.1E-06, 3.1E-06, 2.9E-06, 2.7E-06, 8.3E-07, 1.8E-07, 1.2E+02, 1.2E+02, 1.2E+02, 1.2E+02, 1.2E+02, 1.2E+02, 1.2E+02, 1.2E+02, 1.2E+02, 1.2E+02, 1.2E+02, 1.2E+02, 1.2E+02, 1.2E+02, 1.2E+02, 1.2E+02, 1.2E+02, 1.2E+02, 1.2E+02, 1.2E+02, 1.2E+02, 1.2E+02, 1.2E+02, 1.2E+02, 1.2E+02, 1.6E+01, 1.6E+01, 1.6E+01, 1.6E+01, 1.6E+01, 1.1E-06, 4.6E-05, 3.4E-05, 1.6E+01, 1.6E+01, 1.6E+01, 1.6E+01, 1.6E+01, 1.6E+01, 1.6E+01, 1.6E+01, 3.6E-06, 4.2E-06, 1.5E-07, 3.2E-06, 9.5E-08, 2.4E-07, 1.5E-07, 1.0E-07, 1.1E-06, 1.7E-06, 1.3E-05, 3.2E-05, 4.0E-05, 4.6E-05, 6.3E-07, 6.1E-07, 6.3E-07, 5.3E-07, 7.5E-07, 7.7E-07, 7.7E-07, 7.6E-07, 7.3E-07, 7.0E-07, 6.7E-05, 6.9E-05, 7.6E-07, 7.8E-07, 6.7E-07, 6.9E-07, 1.6E+01, 7.8E-07, 8.9E-07, 1.5E-06, 5.2E-07, 3.5E-07, 5.5E-07, 3.7E-07, 4.0E-07, 4.9E-06, 2.3E-06, 6.3E-06, 3.3E-06, 3.1E-05, 1.5E-06, 1.1E-05, 2.2E-05, 1.8E-06, 2.7E-06, 6.9E-06, 1.3E-05, 2.0E-05, 2.7E-05, 1.4E-06, 2.0E-06, 1.1E-05, 2.1E-07, 4.4E-06, 6.3E-06, 1.2E+02, 1.2E+02, 1.2E+02, 1.2E+02, 1.2E+02, 1.2E+02, 1.2E+02, 1.2E+02, 1.2E+02, 1.0E+02, 1.0E+02, 1.0E+02, 1.0E+02, 1.0E+02, 1.0E+02, 9.5E-07, 7.6E-07, 2.3E-06, 3.5E-06, 2.2E-05, 2.0E-05, 1.9E-06, 1.6E+01, 1.6E+01, 1.6E+01, 1.6E+01, 1.6E+01, 1.6E+01, 1.6E+01, 1.6E+01, 1.6E+01, 1.6E+01, 2.2E-06, 1.4E-06, 1.6E-05, 4.0E-06, 2.9E-06, 2.2E-06, 4.4E-06, 3.5E-06, 2.9E-06, 5.0E-06, 1.0E-06, 1.2E+02, 1.6E+01, 1.7E-06, 2.4E-06, 5.9E-07, 1.6E+01, 1.6E+01, 2.4E-06, 1.5E-08, 1.1E-08, 1.6E+01, 6.6E-10, 1.1E-07, 6.5E-07, 1.6E+01, 1.2E+02, 1.2E+02, 1.2E+02, 1.2E+02, 1.2E+02, 1.2E+02, 1.2E+02, 1.2E+02, 1.2E+02, 1.2E+02, 1.2E+02, 1.2E+02, 1.2E+02, 1.2E+02, 1.2E+02, 1.2E+02, 1.2E+02, 1.2E+02, 1.2E+02, 1.2E+02, 1.2E+02, 1.2E+02, 1.9E-07, 1.6E+01, 1.6E+01, 1.6E+01, 1.6E+01, 1.6E+01, 1.6E+01, 1.6E+01, 1.6E+01, 1.6E+01, 1.6E+01, 1.6E+01, 1.6E+01, 1.6E+01, 2.2E-05, 3.9E-05, 3.5E-05, 3.4E-05, 2.2E-06, 4.5E-06, 3.0E-05, 6.2E-05, 1.2E-06, 6.8E-06, 1.2E-05, 2.1E-05, 6.3E-05, 1.4E-06, 7.0E-06, 1.9E-05, 1.8E-05, 1.8E-05, 3.8E-05, 4.0E-06, 4.3E-06, 6.5E-06, 8.8E-06, 1.4E-05, 2.5E-06, 1.3E-05, 1.3E-06, 4.2E-06, 1.2E+02, 1.2E+02, 1.2E+02, 1.2E+02, 1.2E+02, 1.2E+02, 1.2E+02, 1.2E+02, 1.2E+02, 1.2E+02, 1.2E+02, 1.2E+02, 1.2E+02, 1.2E+02, 1.2E+02, 1.2E+02, 1.2E+02, 1.2E+02, 1.2E+02, 1.2E+02, 1.2E+02, 1.2E+02, 1.2E+02, 1.2E+02, 1.2E+02, 1.6E+01, 1.6E+01, 1.6E+01, 1.6E+01, 1.6E+01, 1.6E+01, 1.6E+01, 1.6E+01, 1.6E+01, 1.6E+01, 1.6E+01, 5.5E-06, 1.2E-05, 4.1E-06, 4.9E-06, 7.2E-06, 8.1E-06, 3.0E-07, 3.2E-06, 1.5E-05, 2.0E-06, 3.0E-05, 4.7E-05, 5.5E-07, 6.8E-07, 4.9E-07, 6.7E-07, 3.8E-07, 4.9E-07, 3.8E-05, 4.3E-07, 2.5E-07, 9.9E-07, 3.1E-07, 1.6E+01, 2.6E-07, 7.0E-08, 1.9E-05, 6.7E-07, 6.9E-07, 6.7E-07, 7.7E-07, 6.3E-07, 2.0E-06, 3.8E-08, 1.2E+02, 1.2E+02, 1.2E+02, 1.2E+02, 1.2E+02, 1.2E+02, 1.2E+02, 1.2E+02, 1.2E+02, 1.2E+02, 1.2E+02, 1.2E+02, 1.2E+02, 1.2E+02, 1.2E+02, 1.2E+02, 1.0E+02, 1.0E+02, 1.0E+02, 1.0E+02, 1.0E+02, 1.0E+02, 1.0E+02, 1.0E+02, 1.0E+02, 1.0E+02, 2.9E-08, 1.6E+01, 1.6E+01, 1.6E+01, 1.6E+01, 1.6E+01, 1.6E+01, 1.6E+01, 1.6E+01, 1.6E+01, 1.6E+01, 1.6E+01, 1.6E+01, 1.6E+01, 8.0E-07, 9.6E-07, 4.0E-07, 1.1E-06, 3.6E-06, 1.1E-06, 2.0E-06, 2.5E-05, 4.8E-05, 7.1E-07, 7.2E-07, 6.5E-07, 7.2E-07, 7.1E-07, 7.0E-07, 7.0E-07, 1.5E-07, 1.6E-07, 9.5E-07, 9.5E-07, 8.9E-07, 9.4E-07

Carbohydrate Events (70 total):
  - Week 1 Day 1 08:00: 95.4g (breakfast)
  - Week 1 Day 1 10:45: 17.3g (morning_snack)
  - Week 1 Day 1 12:18: 106.3g (lunch)
  - Week 1 Day 1 15:43: 15.4g (afternoon_snack)
  - Week 1 Day 1 19:58: 119.6g (dinner)
  - Week 1 Day 2 06:43: 105.1g (breakfast)
  - Week 1 Day 2 10:24: 10.4g (morning_snack)
  - Week 1 Day 2 13:30: 114.7g (lunch)
  - Week 1 Day 2 15:01: 14.5g (afternoon_snack)
  - Week 1 Day 2 18:40: 86.5g (dinner)
  - Week 1 Day 3 07:36: 81.6g (breakfast)
  - Week 1 Day 3 09:04: 15.2g (morning_snack)
  - Week 1 Day 3 13:45: 84.4g (lunch)
  - Week 1 Day 3 15:47: 12.6g (afternoon_snack)
  - Week 1 Day 3 18:35: 107.5g (dinner)
  - Week 1 Day 4 07:22: 90.9g (breakfast)
  - Week 1 Day 4 10:47: 12.9g (morning_snack)
  - Week 1 Day 4 13:04: 92.9g (lunch)
  - Week 1 Day 4 16:24: 15.6g (afternoon_snack)
  - Week 1 Day 4 19:05: 87.7g (dinner)
  - Week 1 Day 5 07:57: 88.9g (breakfast)
  - Week 1 Day 5 09:03: 11.7g (morning_snack)
  - Week 1 Day 5 13:07: 113.5g (lunch)
  - Week 1 Day 5 15:20: 14.8g (afternoon_snack)
  - Week 1 Day 5 19:35: 114.7g (dinner)
  - Week 1 Day 6 07:00: 106.7g (breakfast)
  - Week 1 Day 6 10:41: 12.7g (morning_snack)
  - Week 1 Day 6 12:47: 113.5g (lunch)
  - Week 1 Day 6 15:16: 11.7g (afternoon_snack)
  - Week 1 Day 6 19:33: 107.1g (dinner)
  - Week 1 Day 7 07:44: 116.8g (breakfast)
  - Week 1 Day 7 10:24: 15.6g (morning_snack)
  - Week 1 Day 7 13:56: 82.8g (lunch)
  - Week 1 Day 7 15:08: 19.4g (afternoon_snack)
  - Week 1 Day 7 19:20: 87.7g (dinner)
  - Week 2 Day 1 07:00: 110.3g (breakfast)
  - Week 2 Day 1 10:29: 15.3g (morning_snack)
  - Week 2 Day 1 13:15: 91.3g (lunch)
  - Week 2 Day 1 16:52: 17.2g (afternoon_snack)
  - Week 2 Day 1 18:12: 100.6g (dinner)
  - Week 2 Day 2 06:33: 110.7g (breakfast)
  - Week 2 Day 2 09:52: 14.8g (morning_snack)
  - Week 2 Day 2 13:12: 95.4g (lunch)
  - Week 2 Day 2 16:10: 15.4g (afternoon_snack)
  - Week 2 Day 2 19:03: 92.5g (dinner)
  - Week 2 Day 3 07:56: 99.0g (breakfast)
  - Week 2 Day 3 09:13: 16.4g (morning_snack)
  - Week 2 Day 3 13:06: 112.3g (lunch)
  - Week 2 Day 3 15:21: 15.8g (afternoon_snack)
  - Week 2 Day 3 19:44: 110.3g (dinner)
  - Week 2 Day 4 06:33: 92.5g (breakfast)
  - Week 2 Day 4 09:01: 10.5g (morning_snack)
  - Week 2 Day 4 12:56: 101.8g (lunch)
  - Week 2 Day 4 15:04: 16.0g (afternoon_snack)
  - Week 2 Day 4 18:01: 94.9g (dinner)
  - Week 2 Day 5 06:37: 99.0g (breakfast)
  - Week 2 Day 5 10:28: 17.9g (morning_snack)
  - Week 2 Day 5 12:01: 113.1g (lunch)
  - Week 2 Day 5 15:20: 10.3g (afternoon_snack)
  - Week 2 Day 5 19:46: 81.6g (dinner)
  - Week 2 Day 6 06:06: 92.1g (breakfast)
  - Week 2 Day 6 09:55: 19.9g (morning_snack)
  - Week 2 Day 6 12:21: 82.4g (lunch)
  - Week 2 Day 6 16:13: 15.9g (afternoon_snack)
  - Week 2 Day 6 18:08: 99.4g (dinner)
  - Week 2 Day 7 06:00: 104.6g (breakfast)
  - Week 2 Day 7 10:06: 12.0g (morning_snack)
  - Week 2 Day 7 12:40: 97.0g (lunch)
  - Week 2 Day 7 16:39: 13.1g (afternoon_snack)
  - Week 2 Day 7 18:26: 117.2g (dinner)

Running Events (14 total):
 - Week 1 Day 1 06:22: Running avg speed 5.0 mph for 30 min
 - Week 1 Day 2 06:22: Running avg speed 5.0 mph for 30 min
 - Week 1 Day 3 06:22: Running avg speed 5.0 mph for 30 min
 - Week 1 Day 4 06:22: Running avg speed 5.0 mph for 30 min
 - Week 1 Day 5 06:22: Running avg speed 5.0 mph for 30 min
 - Week 1 Day 6 06:22: Running avg speed 5.0 mph for 30 min
 - Week 1 Day 7 06:22: Running avg speed 5.0 mph for 30 min
 - Week 2 Day 1 06:22: Running avg speed 5.0 mph for 30 min
 - Week 2 Day 2 06:22: Running avg speed 5.0 mph for 30 min
 - Week 2 Day 3 06:22: Running avg speed 5.0 mph for 30 min
 - Week 2 Day 4 06:22: Running avg speed 5.0 mph for 30 min
 - Week 2 Day 5 06:22: Running avg speed 5.0 mph for 30 min
 - Week 2 Day 6 06:22: Running avg speed 5.0 mph for 30 min
 - Week 2 Day 7 06:22: Running avg speed 5.0 mph for 30 min

Cycling Events (14 total):
  - Week 1 Day 1 16:25: Cycling avg power 90.0 for 20 min
  - Week 1 Day 2 17:35: Cycling avg power 90.0 for 20 min
  - Week 1 Day 3 16:01: Cycling avg power 90.0 for 20 min
  - Week 1 Day 4 16:23: Cycling avg power 90.0 for 20 min
  - Week 1 Day 5 16:36: Cycling avg power 90.0 for 20 min
  - Week 1 Day 6 16:21: Cycling avg power 90.0 for 20 min
  - Week 1 Day 7 17:26: Cycling avg power 90.0 for 20 min
  - Week 2 Day 1 17:28: Cycling avg power 90.0 for 20 min
  - Week 2 Day 2 17:55: Cycling avg power 90.0 for 20 min
  - Week 2 Day 3 17:32: Cycling avg power 90.0 for 20 min
  - Week 2 Day 4 17:33: Cycling avg power 90.0 for 20 min
  - Week 2 Day 5 16:12: Cycling avg power 90.0 for 20 min
  - Week 2 Day 6 17:40: Cycling avg power 90.0 for 20 min
  - Week 2 Day 7 17:15: Cycling avg power 90.0 for 20 min



Question: what percentage of the day tomorrow will I stay in range (70-180) assuming i take my insulin correctly?

Instructions: Make a prediction based on the carb intake, insulin, blood glucose values and exercise events

Expected Answer Type: float

Example Answer: 61.93055555555556

Please analyze the data carefully and provide your answer as a **json object** in the exact format specified by the answer type. Be precise and base your response only on the data provided.

Conclude your analysis with: 
```json 
{"answer": your answer here}
```