You are a medical AI assistant analyzing diabetes management data. Based on the patient's health data, answer the following question accurately.

PATIENT DATA OVERVIEW:
This data represents a continuous glucose monitoring (CGM) session for a diabetes patient. The data includes:
- Blood glucose readings taken every 5 minutes, begining at Week 1, Day 1, 00:00 (normal range: 70-180 mg/dL)
- Carbohydrate intake events with timing and amounts
- Insulin delivery events (basal background insulin and bolus meal insulin)
- Physical activity events (running/cycling with duration and intensity)

The data may contain various artifacts, sensor issues, or abnormal patterns that need to be identified and analyzed.

Patient Health Data:

Blood Glucose Readings (mg/dL, every 5 minutes): 2965 readings
  Values: 108.0, 108.0, 108.0, 108.0, 108.0, 108.0, 108.0, 108.1, 108.1, 108.2, 108.3, 108.5, 108.7, 108.9, 109.1, 109.3, 109.5, 109.7, 109.9, 110.0, 110.2, 110.3, 110.3, 110.4, 110.4, 110.4, 110.4, 110.4, 110.4, 110.4, 110.4, 110.4, 110.3, 110.3, 110.3, 110.3, 110.3, 110.3, 110.3, 110.2, 110.2, 110.2, 110.2, 110.2, 110.2, 110.2, 110.2, 110.2, 110.2, 110.3, 110.3, 110.3, 110.3, 110.3, 110.3, 110.3, 110.3, 110.3, 110.3, 110.3, 110.3, 110.3, 110.3, 110.3, 110.3, 110.3, 110.3, 110.3, 110.3, 110.3, 110.3, 110.3, 110.3, 110.3, 110.3, 110.3, 110.3, 110.3, 110.1, 109.1, 107.6, 105.8, 103.9, 102.0, 100.3, 99.3, 98.7, 98.5, 98.5, 98.7, 99.4, 100.6, 102.5, 104.9, 108.0, 111.8, 116.1, 121.1, 126.4, 131.9, 137.5, 143.0, 148.2, 153.0, 157.3, 161.1, 164.2, 166.8, 168.7, 169.9, 170.5, 170.4, 169.9, 168.9, 167.5, 165.9, 164.0, 161.9, 159.5, 157.1, 154.5, 151.9, 149.2, 146.5, 143.8, 141.1, 138.5, 135.9, 133.4, 130.9, 128.5, 126.2, 124.3, 122.9, 122.1, 121.6, 121.3, 121.0, 120.7, 120.4, 120.0, 119.6, 119.1, 118.5, 117.9, 117.4, 116.9, 116.4, 116.0, 115.6, 115.3, 114.9, 114.6, 114.2, 113.9, 113.6, 113.2, 112.9, 112.6, 112.3, 112.0, 111.8, 111.6, 111.8, 112.4, 113.6, 115.4, 117.8, 120.8, 124.2, 127.8, 131.5, 135.1, 138.6, 141.9, 144.8, 147.4, 149.6, 151.4, 152.6, 153.5, 153.8, 153.8, 153.5, 152.8, 151.9, 150.8, 149.4, 147.9, 146.3, 145.0, 144.3, 144.0, 143.7, 143.5, 143.1, 142.6, 141.9, 141.1, 140.2, 139.1, 138.0, 136.8, 135.5, 134.2, 132.9, 131.6, 130.2, 128.9, 127.5, 126.2, 124.9, 123.6, 122.3, 121.0, 119.7, 117.6, 115.2, 112.6, 110.2, 108.6, 107.9, 107.9, 108.5, 109.7, 111.5, 113.7, 116.5, 119.7, 123.1, 126.5, 130.0, 133.2, 136.3, 139.0, 141.4, 143.4, 145.0, 146.2, 147.1, 147.5, 147.7, 147.5, 147.0, 146.3, 145.4, 144.2, 142.9, 141.4, 139.9, 138.2, 136.5, 134.7, 132.8, 131.0, 129.1, 127.2, 125.4, 123.5, 121.7, 119.9, 118.1, 116.4, 114.7, 113.1, 111.5, 109.9, 108.4, 107.0, 105.6, 104.2, 102.9, 101.7, 100.5, 99.3, 98.3, 97.2, 96.3, 95.4, 94.6, 93.9, 93.4, 92.9, 92.6, 92.4, 92.3, 92.3, 92.4, 92.7, 93.0, 93.5, 94.1, 94.8, 95.7, 96.6, 97.7, 98.8, 100.1, 101.3, 102.7, 104.0, 105.2, 106.4, 107.6, 108.6, 109.5, 110.2, 110.9, 111.4, 111.8, 112.1, 112.3, 112.4, 112.4, 112.4, 112.3, 112.2, 112.0, 111.8, 111.6, 111.4, 111.3, 111.1, 110.9, 110.8, 110.6, 110.5, 110.4, 110.3, 110.3, 110.2, 110.2, 110.2, 110.2, 110.2, 110.2, 110.2, 110.2, 110.2, 110.2, 110.2, 110.2, 110.2, 110.2, 110.2, 110.2, 110.2, 110.2, 110.2, 110.2, 110.2, 110.2, 110.2, 110.2, 110.2, 110.2, 110.2, 110.2, 110.2, 110.2, 110.2, 110.2, 110.2, 110.2, 110.2, 110.2, 110.1, 109.0, 107.4, 105.6, 103.7, 101.8, 100.1, 99.0, 98.5, 98.3, 98.3, 98.4, 98.9, 100.0, 101.8, 104.4, 107.9, 112.2, 117.2, 122.8, 128.6, 134.5, 140.3, 145.9, 151.2, 156.0, 160.3, 164.1, 167.2, 169.7, 171.6, 172.7, 173.3, 173.2, 172.5, 171.4, 169.9, 168.1, 166.1, 163.8, 161.3, 158.7, 156.0, 153.3, 150.5, 147.7, 144.8, 142.1, 139.4, 137.1, 135.4, 134.0, 132.8, 131.7, 130.7, 129.6, 128.5, 127.3, 126.1, 124.9, 123.7, 122.4, 121.2, 120.0, 118.9, 117.7, 116.6, 115.6, 114.7, 113.9, 113.2, 112.7, 112.2, 111.7, 111.4, 111.1, 110.9, 110.7, 110.6, 110.5, 110.4, 110.5, 110.8, 111.5, 112.6, 114.3, 116.5, 119.3, 122.6, 126.3, 130.3, 134.4, 138.5, 142.3, 145.9, 149.2, 152.0, 154.4, 156.2, 157.5, 158.4, 158.8, 158.9, 158.5, 157.9, 156.9, 155.6, 154.1, 152.4, 150.6, 148.6, 146.5, 144.3, 142.1, 139.8, 137.5, 135.3, 133.0, 130.8, 128.6, 126.5, 124.4, 122.6, 121.0, 119.8, 118.8, 117.9, 117.1, 116.3, 115.5, 114.6, 112.8, 110.6, 108.2, 105.8, 104.1, 102.9, 101.9, 101.2, 100.6, 100.2, 99.9, 99.7, 99.6, 99.7, 99.8, 100.1, 100.5, 101.0, 101.6, 102.4, 103.2, 104.0, 104.9, 105.8, 106.7, 107.5, 108.4, 109.3, 110.4, 111.7, 113.3, 115.2, 117.4, 119.8, 122.6, 125.6, 128.9, 132.3, 135.9, 139.4, 142.8, 146.0, 148.8, 151.2, 153.2, 154.8, 155.9, 156.7, 157.1, 157.1, 156.8, 156.2, 155.4, 154.3, 152.9, 151.4, 149.8, 148.0, 146.1, 144.1, 142.1, 140.1, 138.0, 136.0, 133.9, 131.9, 130.0, 128.0, 126.1, 124.3, 122.5, 120.8, 119.2, 117.6, 116.1, 114.7, 113.3, 112.0, 110.8, 109.6, 108.5, 107.5, 106.6, 105.8, 105.1, 104.6, 104.2, 103.9, 103.7, 103.7, 103.8, 104.1, 104.4, 104.9, 105.4, 106.0, 106.6, 107.2, 107.8, 108.3, 108.8, 109.3, 109.6, 109.9, 110.2, 110.4, 110.5, 110.6, 110.7, 110.7, 110.7, 110.7, 110.7, 110.6, 110.6, 110.5, 110.5, 110.4, 110.4, 110.3, 110.3, 110.3, 110.2, 110.2, 110.2, 110.2, 110.2, 110.2, 110.2, 110.2, 110.2, 110.2, 110.2, 110.2, 110.2, 110.2, 110.2, 110.2, 110.2, 110.2, 110.2, 110.2, 110.2, 110.2, 110.2, 110.2, 110.2, 110.2, 110.2, 110.2, 110.2, 110.2, 110.2, 110.2, 110.2, 110.2, 110.2, 110.0, 109.0, 107.4, 105.5, 103.6, 101.7, 100.0, 98.9, 98.4, 98.2, 98.1, 98.1, 98.2, 98.3, 98.5, 98.8, 99.2, 99.6, 100.2, 100.8, 101.8, 103.1, 104.8, 107.1, 110.0, 113.3, 117.3, 121.7, 126.6, 131.9, 137.5, 143.2, 148.9, 154.2, 159.2, 163.7, 167.7, 171.0, 173.7, 175.6, 176.9, 177.5, 177.5, 176.9, 175.9, 174.4, 172.7, 170.7, 168.4, 166.0, 163.6, 161.4, 159.6, 158.0, 156.6, 155.1, 153.7, 152.1, 150.5, 148.8, 147.0, 145.1, 143.3, 141.4, 139.5, 137.6, 135.8, 134.0, 132.3, 130.6, 128.9, 127.3, 125.8, 124.3, 122.8, 121.4, 120.1, 118.8, 117.6, 116.5, 115.5, 114.6, 114.0, 113.8, 114.1, 114.8, 116.0, 117.8, 120.1, 122.8, 125.9, 129.3, 132.7, 136.2, 139.5, 142.6, 145.4, 148.0, 150.1, 151.9, 153.3, 154.3, 154.9, 155.2, 155.2, 154.8, 154.1, 153.2, 152.1, 150.8, 149.3, 147.7, 145.9, 144.1, 142.2, 140.3, 138.2, 135.3, 132.0, 128.5, 125.0, 122.2, 119.9, 117.9, 116.1, 114.5, 113.4, 112.7, 112.2, 111.8, 111.4, 111.1, 110.7, 110.3, 109.9, 109.5, 109.2, 108.9, 108.6, 108.5, 108.4, 108.4, 108.5, 108.7, 108.9, 109.2, 109.5, 109.8, 110.1, 110.4, 110.7, 110.9, 111.0, 111.1, 111.2, 111.2, 111.2, 111.1, 111.0, 111.0, 111.2, 111.7, 112.7, 114.1, 116.2, 118.7, 121.9, 125.5, 129.7, 134.3, 139.1, 144.0, 148.8, 153.4, 157.7, 161.6, 165.1, 168.1, 170.6, 172.6, 174.0, 174.9, 175.3, 175.3, 174.8, 174.0, 172.8, 171.3, 169.6, 167.6, 165.5, 163.2, 160.8, 158.3, 155.8, 153.2, 150.6, 148.1, 145.5, 143.0, 140.6, 138.2, 135.9, 133.6, 131.4, 129.3, 127.3, 125.4, 123.6, 121.8, 120.2, 118.6, 117.1, 115.7, 114.4, 113.1, 111.9, 110.8, 109.8, 108.9, 108.1, 107.5, 107.0, 106.7, 106.5, 106.4, 106.4, 106.6, 106.8, 107.1, 107.5, 107.9, 108.3, 108.6, 109.0, 109.3, 109.6, 109.8, 110.0, 110.1, 110.3, 110.3, 110.4, 110.4, 110.4, 110.4, 110.4, 110.4, 110.4, 110.4, 110.3, 110.3, 110.3, 110.3, 110.3, 110.2, 110.2, 110.2, 110.2, 110.2, 110.2, 110.2, 110.2, 110.2, 110.2, 110.2, 110.2, 110.2, 110.2, 110.2, 110.2, 110.2, 110.2, 110.2, 110.2, 110.2, 110.2, 110.2, 110.2, 110.2, 110.2, 110.2, 110.2, 110.2, 110.2, 110.2, 110.2, 110.2, 110.0, 109.0, 107.4, 105.6, 103.9, 102.5, 101.6, 101.8, 102.8, 104.5, 106.7, 109.3, 112.3, 115.5, 119.0, 122.5, 126.0, 129.3, 132.2, 134.8, 137.0, 138.6, 139.8, 140.5, 140.9, 140.9, 140.6, 140.1, 139.3, 138.3, 137.1, 135.8, 134.3, 132.8, 131.2, 129.5, 127.8, 126.1, 124.3, 122.6, 120.9, 119.2, 117.6, 116.0, 114.4, 112.9, 111.4, 110.0, 108.7, 107.4, 106.1, 105.0, 103.9, 102.9, 102.5, 102.7, 103.3, 104.3, 105.4, 106.6, 107.8, 109.0, 110.2, 111.4, 112.6, 113.7, 114.8, 115.8, 116.8, 117.6, 118.4, 119.0, 119.4, 119.7, 119.9, 119.9, 119.8, 119.6, 119.3, 118.9, 118.5, 117.9, 117.4, 116.8, 116.1, 115.5, 114.8, 114.2, 113.5, 112.9, 112.3, 111.8, 111.5, 111.5, 111.9, 112.7, 114.0, 115.7, 117.9, 120.5, 123.6, 126.9, 130.4, 134.0, 137.4, 140.7, 143.8, 146.6, 149.0, 151.0, 152.6, 153.8, 154.5, 154.8, 154.7, 154.3, 153.6, 152.4, 150.1, 147.4, 144.7, 142.5, 141.2, 140.4, 139.7, 139.1, 138.3, 137.5, 136.5, 135.3, 134.1, 132.8, 131.4, 130.0, 128.6, 127.2, 125.7, 124.3, 122.9, 121.6, 120.3, 119.0, 117.8, 116.7, 115.7, 114.7, 113.9, 113.1, 112.5, 111.9, 111.5, 111.1, 110.8, 110.6, 110.4, 110.3, 110.2, 110.2, 110.1, 110.3, 110.7, 111.5, 112.9, 114.9, 117.6, 120.9, 124.8, 129.3, 134.1, 139.1, 144.0, 148.7, 153.1, 157.1, 160.7, 163.8, 166.3, 168.2, 169.5, 170.4, 170.8, 170.7, 170.2, 169.3, 168.1, 166.6, 164.9, 162.9, 160.8, 158.5, 156.1, 153.7, 151.2, 148.6, 146.1, 143.6, 141.1, 138.7, 136.3, 134.0, 131.7, 129.6, 127.4, 125.4, 123.5, 121.6, 119.9, 118.2, 116.6, 115.0, 113.6, 112.2, 110.9, 109.7, 108.6, 107.5, 106.6, 105.7, 104.9, 104.3, 103.8, 103.4, 103.2, 103.1, 103.1, 103.3, 103.6, 104.0, 104.5, 105.0, 105.7, 106.3, 107.0, 107.6, 108.2, 108.8, 109.2, 109.6, 110.0, 110.2, 110.5, 110.6, 110.7, 110.8, 110.8, 110.8, 110.8, 110.7, 110.7, 110.6, 110.6, 110.5, 110.4, 110.4, 110.4, 110.3, 110.3, 110.3, 110.2, 110.2, 110.2, 110.2, 110.2, 110.2, 110.2, 110.2, 110.2, 110.2, 110.2, 110.2, 110.2, 110.2, 110.2, 110.2, 110.2, 110.2, 110.2, 110.2, 110.2, 110.2, 110.2, 110.2, 110.2, 110.2, 110.2, 110.2, 110.2, 110.2, 110.0, 109.0, 107.4, 105.5, 103.6, 101.7, 99.9, 98.9, 98.4, 98.1, 98.0, 98.0, 98.2, 98.8, 99.7, 101.1, 103.0, 105.4, 108.2, 111.4, 115.1, 119.0, 123.3, 127.8, 132.2, 136.6, 140.7, 144.5, 147.9, 150.8, 153.1, 154.9, 156.1, 156.8, 156.9, 156.7, 156.5, 156.3, 156.0, 155.5, 154.8, 153.8, 152.6, 151.1, 149.5, 147.7, 145.7, 143.7, 141.6, 139.4, 137.3, 135.1, 132.9, 130.8, 128.7, 126.7, 124.8, 122.9, 121.0, 119.3, 117.6, 116.0, 114.4, 113.0, 111.6, 110.3, 109.1, 107.9, 107.0, 106.1, 105.4, 104.8, 104.4, 104.1, 103.9, 103.9, 104.0, 104.2, 104.6, 105.0, 105.5, 106.1, 106.7, 107.3, 107.8, 108.4, 109.0, 109.8, 111.0, 112.8, 115.1, 118.0, 121.5, 125.3, 129.3, 133.3, 137.1, 140.8, 144.1, 147.0, 149.5, 151.6, 153.1, 154.1, 154.6, 154.7, 154.5, 153.9, 153.0, 151.9, 150.6, 149.0, 147.3, 145.5, 143.6, 141.7, 139.6, 137.6, 135.5, 133.5, 131.4, 129.4, 127.5, 125.6, 124.0, 122.9, 122.5, 122.3, 122.3, 122.3, 122.3, 122.2, 122.0, 121.8, 121.4, 120.3, 118.5, 116.6, 114.5, 113.0, 111.9, 111.1, 110.5, 110.0, 109.5, 109.1, 108.7, 108.3, 108.0, 107.8, 107.6, 107.4, 107.3, 107.3, 107.4, 107.5, 107.7, 107.9, 108.2, 108.6, 109.2, 110.0, 111.2, 112.8, 114.8, 117.1, 119.9, 123.0, 126.4, 130.0, 133.7, 137.3, 140.7, 143.8, 146.6, 148.9, 150.8, 152.2, 153.2, 153.8, 154.0, 153.9, 153.4, 152.7, 151.7, 150.5, 149.1, 147.6, 145.9, 144.1, 142.2, 140.3, 138.4, 136.4, 134.4, 132.5, 130.6, 128.7, 126.8, 125.0, 123.2, 121.5, 119.9, 118.3, 116.8, 115.4, 114.0, 112.7, 111.4, 110.3, 109.2, 108.1, 107.2, 106.3, 105.6, 105.0, 104.6, 104.3, 104.1, 104.1, 104.1, 104.3, 104.6, 105.0, 105.5, 106.1, 106.7, 107.2, 107.8, 108.3, 108.8, 109.2, 109.6, 109.9, 110.2, 110.3, 110.5, 110.6, 110.6, 110.7, 110.7, 110.6, 110.6, 110.6, 110.5, 110.5, 110.4, 110.4, 110.3, 110.3, 110.3, 110.3, 110.2, 110.2, 110.2, 110.2, 110.2, 110.2, 110.2, 110.2, 110.2, 110.2, 110.2, 110.2, 110.2, 110.2, 110.2, 110.2, 110.2, 110.2, 110.2, 110.2, 110.2, 110.2, 110.2, 110.2, 110.2, 110.2, 110.2, 110.2, 110.2, 110.2, 110.2, 110.2, 110.2, 110.2, 110.2, 110.3, 110.1, 109.0, 107.4, 105.6, 103.7, 101.8, 100.0, 99.0, 98.4, 98.1, 98.0, 97.9, 97.8, 97.8, 97.8, 97.9, 98.1, 98.3, 98.5, 98.8, 99.3, 100.0, 101.2, 102.9, 105.2, 108.1, 111.8, 116.1, 121.0, 126.4, 132.2, 138.1, 144.1, 149.8, 155.3, 160.5, 165.2, 169.5, 173.2, 176.3, 178.9, 180.8, 182.2, 183.0, 183.2, 182.8, 181.9, 180.5, 178.9, 177.4, 176.2, 175.3, 174.4, 173.5, 172.3, 171.0, 169.4, 167.6, 165.7, 163.6, 161.4, 159.1, 156.8, 154.4, 152.1, 149.7, 147.4, 145.2, 142.9, 140.8, 138.7, 136.6, 134.6, 132.7, 130.9, 129.0, 127.3, 125.6, 124.0, 122.4, 120.9, 119.4, 118.1, 117.0, 116.2, 116.0, 116.3, 117.3, 119.0, 121.3, 124.3, 127.7, 131.4, 135.2, 139.0, 142.6, 146.1, 149.4, 152.3, 154.9, 157.1, 159.0, 160.4, 161.4, 161.9, 162.2, 162.0, 161.6, 160.9, 159.8, 158.6, 157.1, 155.4, 153.6, 151.7, 149.7, 147.8, 146.5, 145.5, 144.8, 144.2, 143.5, 142.7, 141.8, 140.8, 139.7, 138.5, 137.2, 135.8, 134.3, 131.9, 129.1, 126.0, 123.0, 120.8, 119.0, 117.5, 116.1, 114.9, 113.7, 112.6, 111.6, 110.8, 110.0, 109.4, 108.9, 108.5, 108.2, 108.1, 108.0, 108.1, 108.2, 108.4, 108.7, 108.9, 109.2, 109.7, 110.3, 111.1, 112.2, 113.6, 115.3, 117.2, 119.3, 121.7, 124.2, 126.9, 129.6, 132.3, 134.7, 136.9, 138.8, 140.3, 141.4, 142.3, 142.7, 142.9, 142.8, 142.4, 141.8, 140.9, 139.8, 138.5, 137.1, 135.6, 133.9, 132.2, 130.4, 128.5, 126.7, 124.8, 122.9, 120.9, 119.1, 117.2, 115.3, 113.5, 111.8, 110.1, 108.4, 106.8, 105.2, 103.7, 102.3, 100.9, 99.6, 98.3, 97.1, 96.0, 94.9, 93.8, 92.9, 92.0, 91.1, 90.4, 89.8, 89.3, 88.9, 88.7, 88.6, 88.5, 88.6, 88.9, 89.2, 89.7, 90.3, 91.0, 91.8, 92.7, 93.8, 95.0, 96.3, 97.6, 99.1, 100.6, 102.1, 103.6, 105.1, 106.4, 107.7, 108.9, 109.9, 110.8, 111.5, 112.1, 112.5, 112.8, 113.1, 113.2, 113.2, 113.1, 113.0, 112.9, 112.7, 112.4, 112.2, 111.9, 111.7, 111.5, 111.2, 111.0, 110.8, 110.7, 110.5, 110.4, 110.3, 110.3, 110.2, 110.2, 110.2, 110.2, 110.2, 110.2, 110.2, 110.2, 110.2, 110.2, 110.2, 110.2, 110.2, 110.2, 110.2, 110.2, 110.2, 110.2, 110.2, 110.2, 110.2, 110.1, 109.0, 107.4, 105.6, 103.7, 101.8, 100.0, 99.0, 98.4, 98.1, 98.0, 97.9, 97.9, 98.0, 98.4, 99.4, 100.9, 103.0, 105.9, 109.4, 113.5, 118.3, 123.7, 129.6, 135.7, 141.9, 147.9, 153.7, 159.0, 163.9, 168.1, 171.8, 174.7, 177.0, 178.6, 179.4, 179.6, 179.3, 178.5, 177.5, 176.6, 175.8, 175.1, 174.2, 173.1, 171.8, 170.3, 168.5, 166.5, 164.4, 162.2, 159.8, 157.4, 155.0, 152.6, 150.2, 147.8, 145.4, 143.2, 141.0, 138.8, 136.7, 134.8, 132.8, 131.0, 129.2, 127.6, 125.9, 124.4, 122.9, 121.4, 120.0, 118.7, 117.4, 116.3, 115.2, 114.3, 113.4, 112.7, 112.0, 111.6, 111.4, 111.5, 112.1, 113.2, 114.7, 116.7, 119.2, 122.0, 125.2, 128.6, 132.0, 135.4, 138.6, 141.5, 144.1, 146.4, 148.3, 149.8, 150.8, 151.4, 151.6, 151.5, 151.1, 150.4, 149.4, 148.3, 146.9, 145.4, 143.8, 142.1, 140.2, 138.4, 136.5, 134.5, 132.6, 130.7, 128.8, 126.9, 125.0, 122.5, 119.7, 117.1, 114.9, 113.3, 112.5, 111.9, 111.6, 111.2, 110.9, 110.6, 110.2, 109.8, 109.4, 109.1, 108.8, 108.6, 108.4, 108.4, 108.4, 108.6, 108.8, 109.3, 110.1, 111.2, 112.7, 114.5, 116.6, 119.1, 121.9, 125.0, 128.3, 131.7, 135.1, 138.4, 141.4, 144.2, 146.5, 148.4, 149.8, 150.8, 151.4, 151.7, 151.6, 151.1, 150.4, 149.4, 148.1, 146.7, 145.0, 143.2, 141.3, 139.3, 137.3, 135.1, 133.0, 130.8, 128.6, 126.5, 124.3, 122.2, 120.2, 118.2, 116.2, 114.3, 112.5, 110.7, 109.0, 107.4, 105.9, 104.4, 103.0, 101.6, 100.4, 99.1, 98.0, 96.9, 95.9, 95.0, 94.1, 93.3, 92.6, 92.1, 91.7, 91.4, 91.2, 91.2, 91.2, 91.4, 91.7, 92.2, 92.8, 93.4, 94.3, 95.2, 96.2, 97.4, 98.6, 100.0, 101.3, 102.7, 104.1, 105.4, 106.7, 107.9, 108.9, 109.8, 110.6, 111.3, 111.8, 112.2, 112.5, 112.7, 112.8, 112.8, 112.7, 112.6, 112.5, 112.3, 112.1, 111.9, 111.7, 111.4, 111.2, 111.0, 110.9, 110.7, 110.6, 110.5, 110.4, 110.3, 110.3, 110.2, 110.2, 110.2, 110.2, 110.2, 110.2, 110.2, 110.2, 110.2, 110.2, 110.2, 110.2, 110.2, 110.2, 110.2, 110.2, 110.2, 110.2, 110.2, 110.2, 110.2, 110.2, 110.2, 110.2, 110.2, 110.2, 110.2, 110.2, 110.2, 110.2, 110.2, 110.3, 110.3, 110.3, 110.3, 110.3, 110.1, 109.0, 107.4, 105.6, 103.7, 101.8, 100.1, 99.0, 98.5, 98.3, 98.2, 98.4, 98.9, 100.1, 102.1, 105.0, 108.9, 113.8, 119.5, 125.7, 132.3, 139.0, 145.6, 152.1, 158.1, 163.7, 168.7, 173.1, 176.8, 179.8, 182.2, 183.8, 184.7, 184.9, 184.5, 183.5, 182.1, 180.4, 178.3, 176.0, 173.5, 170.8, 168.0, 165.0, 162.1, 159.1, 156.1, 153.1, 150.2, 147.3, 144.4, 141.7, 139.0, 136.4, 133.9, 131.6, 129.4, 127.5, 126.0, 124.8, 123.8, 122.9, 122.1, 121.3, 120.5, 119.7, 118.9, 118.2, 117.4, 116.7, 116.1, 115.5, 115.0, 114.5, 114.1, 113.7, 113.3, 112.9, 112.6, 112.3, 112.0, 111.7, 111.5, 111.3, 111.1, 110.9, 110.7, 110.6, 110.5, 110.6, 110.8, 111.5, 112.7, 114.3, 116.6, 119.4, 122.7, 126.5, 130.6, 134.7, 138.8, 142.7, 146.4, 149.7, 152.6, 155.0, 156.9, 158.2, 159.1, 159.6, 159.6, 159.3, 158.7, 158.0, 157.5, 157.3, 157.2, 156.9, 156.5, 155.9, 155.1, 154.0, 152.8, 151.3, 149.8, 148.1, 146.4, 144.6, 142.8, 141.0, 139.2, 137.4, 135.6, 133.9, 132.3, 130.6, 129.1, 127.6, 126.1, 124.5, 122.2, 119.4, 116.5, 113.6, 111.5, 110.0, 108.7, 107.6, 106.7, 105.9, 105.2, 104.6, 104.2, 103.8, 103.5, 103.4, 103.3, 103.3, 103.4, 103.7, 104.0, 104.5, 105.3, 106.5, 108.1, 110.2, 112.8, 115.9, 119.5, 123.5, 128.0, 132.8, 137.8, 142.7, 147.4, 151.8, 155.9, 159.4, 162.5, 165.0, 166.9, 168.2, 169.0, 169.2, 169.0, 168.4, 167.5, 166.2, 164.6, 162.8, 160.8, 158.6, 156.3, 153.9, 151.4, 148.9, 146.3, 143.8, 141.3, 138.8, 136.3, 134.0, 131.6, 129.4, 127.2, 125.1, 123.1, 121.2, 119.3, 117.5, 115.9, 114.3, 112.7, 111.3, 109.9, 108.7, 107.5, 106.3, 105.3, 104.3, 103.4, 102.6, 102.0, 101.5, 101.1, 100.9, 100.8, 100.9, 101.0, 101.3, 101.8, 102.3, 102.9, 103.7, 104.5, 105.3, 106.1, 106.9, 107.7, 108.4, 109.0, 109.6, 110.0, 110.4, 110.7, 110.9, 111.1, 111.2, 111.2, 111.2, 111.2, 111.1, 111.0, 110.9, 110.8, 110.7, 110.6, 110.5, 110.4, 110.4, 110.3, 110.3, 110.2, 110.2, 110.2, 110.2, 110.2, 110.2, 110.2, 110.2, 110.2, 110.2, 110.2, 110.2, 110.2, 110.2, 110.2, 110.2, 110.2, 110.2, 110.2, 110.2, 110.2, 110.2, 110.2, 110.2, 110.2, 110.2, 110.1, 109.0, 107.4, 105.6, 104.0, 102.7, 102.0, 102.5, 103.9, 106.1, 108.9, 112.2, 115.9, 119.7, 123.6, 127.5, 131.1, 134.4, 137.3, 139.8, 141.7, 143.2, 144.1, 144.6, 144.8, 144.5, 144.0, 143.2, 142.2, 141.0, 139.6, 138.1, 136.5, 134.8, 133.0, 131.2, 129.3, 127.5, 125.6, 123.8, 122.0, 120.2, 118.5, 116.9, 115.2, 113.7, 112.1, 110.7, 109.3, 108.0, 106.7, 105.5, 104.4, 103.3, 102.4, 101.8, 101.7, 102.0, 102.9, 104.0, 105.3, 106.7, 108.2, 109.6, 111.1, 112.5, 113.9, 115.2, 116.4, 117.6, 118.6, 119.5, 120.2, 120.8, 121.2, 121.4, 121.5, 121.4, 121.2, 120.9, 120.4, 119.9, 119.3, 118.6, 117.8, 117.0, 116.2, 115.5, 115.2, 115.4, 116.4, 118.1, 120.6, 124.1, 128.3, 133.0, 138.0, 143.2, 148.3, 153.2, 157.9, 162.3, 166.3, 169.8, 173.3, 176.8, 180.1, 183.1, 185.5, 187.4, 188.7, 189.4, 189.6, 189.2, 188.4, 187.1, 185.5, 183.6, 181.4, 179.0, 176.3, 172.9, 168.9, 164.5, 160.0, 156.0, 152.6, 149.6, 146.7, 144.1, 141.5, 139.1, 136.7, 134.5, 132.3, 130.3, 128.3, 126.4, 124.6, 123.0, 121.4, 119.8, 118.4, 117.1, 115.8, 114.7, 113.8, 113.3, 113.1, 113.4, 114.1, 115.3, 116.8, 118.8, 121.1, 123.7, 126.6, 129.8, 132.9, 136.0, 139.0, 141.7, 144.2, 146.2, 147.9, 149.2, 150.1, 150.6, 150.9, 150.7, 150.3, 149.6, 148.7, 147.5, 146.2, 144.6, 143.0, 141.2, 139.3, 137.4, 135.4, 133.4, 131.3, 129.3, 127.2, 125.2, 123.1, 121.2, 119.2, 117.3, 115.4, 113.6, 111.9, 110.2, 108.6, 107.0, 105.5, 104.0, 102.7, 101.3, 100.1, 98.9, 97.8, 96.7, 95.7, 94.8, 93.9, 93.1, 92.4, 91.9, 91.4, 91.1, 90.9, 90.9, 90.9, 91.1, 91.4, 91.8, 92.3, 93.0, 93.7, 94.6, 95.6, 96.7, 97.9, 99.2, 100.6, 102.0, 103.3, 104.7, 106.0, 107.2, 108.3, 109.2, 110.1, 110.8, 111.4, 111.8, 112.1, 112.4, 112.5, 112.6, 112.6, 112.5, 112.4, 112.2, 112.0, 111.8, 111.6, 111.4, 111.2, 111.0, 110.9, 110.7, 110.6, 110.5, 110.4, 110.3, 110.3, 110.2, 110.2, 110.2, 110.2, 110.2, 110.2, 110.2, 110.2, 110.2, 110.2, 110.2, 110.2, 110.2, 110.2, 110.2, 110.2, 110.2, 110.2, 110.2, 110.2, 110.2, 110.2, 110.2, 110.2, 110.2, 110.2, 110.2, 110.2, 110.2, 110.1, 109.0, 107.4, 105.6, 103.7, 101.8, 100.0, 99.1, 98.9, 99.4, 100.5, 102.1, 104.4, 107.3, 110.8, 115.0, 119.7, 124.8, 130.2, 135.7, 141.0, 146.1, 150.8, 155.1, 158.9, 162.2, 164.9, 167.0, 168.5, 169.5, 169.9, 169.7, 169.1, 168.1, 166.8, 165.5, 164.6, 164.0, 163.5, 163.0, 162.3, 161.5, 160.4, 159.1, 157.6, 156.0, 154.2, 152.3, 150.4, 148.4, 146.4, 144.4, 142.4, 140.4, 138.5, 136.6, 134.7, 132.9, 131.2, 129.5, 127.8, 126.2, 124.7, 123.2, 121.7, 120.3, 119.0, 117.7, 116.6, 115.5, 114.5, 113.8, 113.4, 113.4, 114.0, 115.2, 117.0, 119.4, 122.5, 126.1, 130.1, 134.2, 138.3, 142.4, 146.3, 149.8, 153.1, 155.9, 158.3, 160.3, 161.7, 162.6, 163.1, 163.2, 162.9, 162.3, 161.3, 160.1, 158.7, 157.0, 155.2, 153.2, 151.1, 149.0, 146.8, 144.5, 142.3, 140.0, 137.8, 135.6, 133.4, 131.3, 129.3, 127.3, 125.3, 123.5, 121.7, 120.0, 118.3, 116.8, 115.3, 114.2, 113.6, 113.5, 113.8, 114.2, 114.6, 115.1, 115.5, 116.0, 116.3, 116.0, 115.3, 114.5, 113.5, 113.1, 112.8, 112.8, 112.7, 112.6, 112.5, 112.4, 112.2, 111.9, 111.7, 111.4, 111.2, 110.9, 110.7, 110.5, 110.4, 110.6, 111.2, 112.3, 113.9, 116.1, 118.9, 122.3, 126.3, 130.6, 135.3, 140.1, 144.8, 149.3, 153.5, 157.4, 160.9, 163.8, 166.3, 168.1, 169.5, 170.2, 170.5, 170.3, 169.8, 168.8, 167.6, 166.0, 164.2, 162.2, 160.0, 157.6, 155.2, 152.7, 150.1, 147.5, 144.9, 142.3, 139.8, 137.2, 134.8, 132.4, 130.0, 127.8, 125.6, 123.5, 121.5, 119.6, 117.7, 116.0, 114.3, 112.7, 111.2, 109.8, 108.4, 107.2, 106.0, 104.9, 103.8, 102.8, 102.0, 101.3, 100.7, 100.2, 99.9, 99.7, 99.6, 99.7, 99.9, 100.2, 100.6, 101.2, 101.9, 102.7, 103.5, 104.4, 105.3, 106.2, 107.0, 107.8, 108.5, 109.2, 109.7, 110.2, 110.5, 110.8, 111.0, 111.2, 111.3, 111.3, 111.3, 111.2, 111.1, 111.0, 110.9, 110.8, 110.7, 110.6, 110.5, 110.5, 110.4, 110.3, 110.3, 110.3, 110.2, 110.2, 110.2, 110.2, 110.2, 110.2, 110.2, 110.2, 110.2, 110.2, 110.2, 110.2, 110.2, 110.2, 110.2, 110.2, 110.2, 110.2, 110.2, 110.2, 110.2, 110.2, 110.2, 110.2, 110.2, 110.2, 110.2, 110.2, 110.2, 110.2, 110.2, 110.2, 110.2, 110.2, 110.1, 109.0, 107.4, 105.6, 103.7, 101.7, 100.0

Insulin Readings (mU/minute, every 5 minutes): 2965 readings
  Values: 3.2E-05, 3.8E-05, 4.9E-06, 1.1E-08, 4.4E-06, 5.2E-07, 1.7E-07, 2.6E+01, 1.3E+02, 1.3E+02, 7.8E+01, 1.5E+01, 1.5E+01, 1.5E+01, 1.7E+01, 4.1E+01, 9.4E+00, 1.0E+01, 1.5E+01, 3.0E+01, 2.0E+01, 1.5E+01, 3.9E+01, 1.2E+01, 2.3E+01, 2.0E+01, 2.5E+01, 2.5E+01, 2.6E+01, 2.6E+01, 2.7E+01, 2.7E+01, 2.7E+01, 2.5E+01, 2.9E+01, 2.6E+01, 2.6E+01, 3.0E+01, 1.5E+01, 2.8E+01, 3.8E+01, 1.5E+01, 3.8E+01, 1.4E+01, 2.9E+01, 2.4E+01, 2.5E+01, 2.9E+01, 2.4E+01, 2.7E+01, 2.5E+01, 2.6E+01, 2.7E+01, 2.6E+01, 2.4E+01, 2.7E+01, 2.6E+01, 2.3E+01, 2.7E+01, 2.9E+01, 2.2E+01, 2.7E+01, 2.7E+01, 2.4E+01, 2.8E+01, 2.4E+01, 2.7E+01, 2.6E+01, 2.6E+01, 2.6E+01, 2.6E+01, 2.6E+01, 2.5E+01, 2.8E+01, 2.2E+01, 2.9E+01, 2.3E+01, 2.7E+01, 1.8E+01, 1.5E+01, 1.5E+01, 1.5E-07, 1.2E-07, 1.3E-07, 1.9E-07, 1.5E-07, 1.4E-07, 7.9E-07, 1.3E+02, 1.3E+02, 1.3E+02, 1.3E+02, 1.3E+02, 1.3E+02, 1.3E+02, 1.3E+02, 1.3E+02, 1.3E+02, 1.3E+02, 1.3E+02, 1.3E+02, 1.3E+02, 1.3E+02, 1.3E+02, 1.3E+02, 4.1E+01, 1.5E+01, 1.5E+01, 1.5E+01, 1.5E+01, 1.5E+01, 1.5E+01, 2.9E-08, 2.8E-08, 2.8E-08, 2.8E-08, 2.9E-08, 2.6E-08, 3.1E-08, 3.6E-08, 4.1E-08, 4.7E-08, 5.2E-08, 5.8E-08, 6.6E-08, 7.4E-08, 8.4E-08, 9.3E-08, 1.4E-09, 1.5E-09, 1.7E-09, 1.9E-09, 2.3E-09, 2.9E-09, 5.3E-09, 9.7E-09, 7.4E-08, 1.1E-07, 9.7E-09, 2.5E-08, 1.4E-06, 3.2E+01, 1.0E+02, 1.0E+02, 1.0E+02, 1.0E+02, 5.7E+01, 1.7E+01, 1.9E+01, 1.8E+01, 1.5E+01, 1.6E+01, 1.4E+01, 1.5E+01, 1.5E+01, 1.4E+01, 1.6E+01, 1.6E+01, 1.7E+01, 2.1E+01, 2.0E+01, 1.3E+02, 1.3E+02, 1.3E+02, 1.3E+02, 1.3E+02, 1.3E+02, 1.3E+02, 1.3E+02, 1.3E+02, 1.3E+02, 1.3E+02, 1.0E+02, 1.0E+02, 1.0E+02, 1.0E+02, 1.0E+02, 1.2E-06, 1.8E-07, 1.0E-07, 8.3E-08, 7.2E-08, 6.7E-08, 6.5E-08, 6.4E-08, 6.5E-08, 6.7E-08, 7.1E-08, 7.7E-08, 8.6E-08, 9.6E-08, 1.1E-07, 1.4E-07, 1.7E-07, 4.3E-09, 8.5E-09, 2.4E-08, 1.4E-07, 1.9E-06, 6.3E+01, 5.2E+01, 4.4E+01, 3.9E+01, 3.4E+01, 2.9E+01, 2.5E+01, 2.1E+01, 2.0E+01, 1.6E+01, 1.5E+01, 1.2E+01, 9.3E+00, 9.4E+00, 3.7E+00, 5.1E+00, 2.4E-07, 1.2E-07, 8.6E-08, 1.3E+02, 1.3E+02, 1.3E+02, 1.3E+02, 1.3E+02, 1.3E+02, 1.3E+02, 1.3E+02, 1.3E+02, 1.3E+02, 1.3E+02, 1.3E+02, 1.3E+02, 1.3E+02, 1.3E+02, 1.3E+02, 5.9E+01, 8.5E-07, 3.9E-07, 2.8E-07, 5.9E-07, 8.3E-07, 2.4E-07, 5.4E-07, 1.5E+01, 1.5E+01, 1.5E+01, 1.5E+01, 1.5E+01, 1.5E+01, 1.5E+01, 1.5E+01, 1.5E+01, 1.5E+01, 1.5E+01, 1.5E+01, 1.5E+01, 1.5E+01, 1.5E+01, 1.5E+01, 1.5E+01, 1.5E+01, 1.5E+01, 2.9E-06, 4.2E-08, 4.5E-08, 5.0E-08, 5.5E-08, 6.1E-08, 7.0E-08, 8.0E-08, 9.2E-08, 1.2E-07, 1.4E-07, 1.6E-07, 3.7E-09, 5.4E-09, 2.3E-07, 1.2E-08, 9.5E-09, 1.8E-07, 9.6E-08, 1.1E-08, 3.8E-07, 4.8E-07, 5.9E-07, 3.7E-07, 3.4E-07, 1.0E-06, 3.4E-08, 7.3E-08, 2.0E-07, 9.4E-08, 1.3E+02, 1.3E+02, 1.3E+02, 1.3E+02, 1.3E+02, 1.3E+02, 1.3E+02, 1.3E+02, 4.5E+01, 1.8E-05, 1.8E+00, 4.5E+00, 5.4E+00, 5.6E+00, 5.8E+00, 6.3E+00, 6.9E+00, 7.4E+00, 8.0E+00, 8.6E+00, 9.5E+00, 9.6E+00, 1.1E+01, 1.2E+01, 1.4E+01, 1.4E+01, 1.6E+01, 1.7E+01, 2.1E+01, 2.6E+01, 2.7E+01, 2.9E+01, 2.8E+01, 5.1E+01, 2.4E+01, 4.0E+01, 2.7E+01, 3.1E+01, 2.8E+01, 2.8E+01, 2.7E+01, 2.7E+01, 2.3E+01, 3.0E+01, 2.3E+01, 2.4E+01, 1.9E+01, 3.2E+01, 2.7E+01, 2.7E+01, 4.4E+01, 1.3E+01, 2.4E+01, 2.3E+01, 2.5E+01, 2.4E+01, 2.7E+01, 2.8E+01, 2.5E+01, 2.6E+01, 2.6E+01, 2.6E+01, 2.6E+01, 2.6E+01, 2.6E+01, 2.6E+01, 2.6E+01, 2.6E+01, 2.6E+01, 2.6E+01, 2.6E+01, 2.6E+01, 2.6E+01, 2.6E+01, 2.6E+01, 4.2E-09, 2.0E-08, 2.4E-07, 5.0E-07, 1.4E-07, 1.5E-07, 1.4E-07, 1.6E-07, 1.1E-07, 2.0E-07, 1.3E+02, 1.3E+02, 1.3E+02, 1.3E+02, 1.3E+02, 1.3E+02, 1.3E+02, 1.3E+02, 1.3E+02, 1.3E+02, 1.3E+02, 1.3E+02, 1.3E+02, 1.3E+02, 1.3E+02, 1.3E+02, 1.3E+02, 1.3E+02, 1.5E+01, 1.5E+01, 1.5E+01, 1.5E+01, 1.7E-07, 9.7E-08, 7.6E-08, 6.6E-08, 6.1E-08, 5.9E-08, 5.8E-08, 5.8E-08, 5.3E-08, 5.5E-08, 6.2E-08, 6.9E-08, 7.6E-08, 8.4E-08, 9.3E-08, 1.0E-07, 1.2E-07, 1.4E-07, 4.2E-08, 3.7E-08, 4.0E-08, 4.3E-08, 4.7E-08, 5.6E-08, 8.2E-08, 4.8E-08, 1.4E-07, 7.0E-08, 5.0E-08, 6.8E-08, 1.2E-07, 5.5E-08, 2.7E+00, 1.3E+02, 9.6E+01, 1.7E-05, 3.2E+01, 4.0E+01, 6.2E+01, 2.4E+01, 4.8E+01, 3.7E+01, 4.0E+01, 3.1E+01, 3.2E+01, 2.9E+01, 3.0E+01, 2.5E+01, 1.3E+02, 1.3E+02, 1.3E+02, 1.3E+02, 1.3E+02, 1.3E+02, 1.3E+02, 1.3E+02, 1.3E+02, 1.3E+02, 1.3E+02, 1.3E+02, 1.3E+02, 1.3E+02, 1.3E+02, 1.3E+02, 1.5E+01, 1.5E+01, 1.5E+01, 1.5E+01, 1.5E+01, 1.5E+01, 1.5E+01, 1.5E+01, 2.5E-08, 2.7E-08, 2.9E-08, 3.3E-08, 3.6E-08, 3.9E-08, 4.2E-08, 4.5E-08, 4.7E-08, 5.1E-08, 5.5E-08, 5.9E-08, 6.2E-08, 6.4E-08, 6.6E-08, 6.8E-08, 7.1E-08, 7.4E-08, 7.8E-08, 8.8E-08, 1.0E-07, 1.3E-07, 2.7E-09, 4.1E-09, 8.7E-09, 4.1E-08, 3.9E-08, 4.1E-08, 2.3E-07, 7.4E-08, 1.4E-07, 5.4E-08, 9.6E-08, 8.0E-08, 6.4E-08, 5.9E-08, 7.0E-08, 1.1E-07, 2.1E-07, 9.5E-07, 3.2E-07, 1.3E+02, 1.3E+02, 1.3E+02, 1.3E+02, 1.3E+02, 1.3E+02, 9.5E+01, 9.4E+01, 1.5E-01, 5.6E+00, 5.7E+00, 1.0E+02, 1.0E+02, 1.0E+02, 1.0E+02, 1.0E+02, 1.0E+02, 1.0E+02, 1.0E+02, 1.0E+02, 1.0E+02, 1.0E+02, 1.0E+02, 1.0E+02, 1.0E+02, 1.0E+02, 1.0E+02, 1.0E+02, 1.0E+02, 1.5E+01, 1.5E+01, 1.5E+01, 1.5E+01, 1.5E+01, 1.5E+01, 1.5E+01, 1.5E+01, 8.6E-08, 9.2E-08, 9.8E-08, 1.0E-07, 1.1E-07, 1.2E-07, 1.2E-07, 1.3E-07, 1.4E-07, 1.6E-07, 1.8E-07, 7.0E-08, 7.2E-08, 7.4E-08, 7.6E-08, 7.7E-08, 7.9E-08, 8.1E-08, 8.3E-08, 8.7E-08, 9.2E-08, 1.0E-07, 9.9E-08, 2.5E-07, 8.9E-08, 1.2E-07, 9.2E-08, 1.6E-07, 1.5E-07, 1.0E-07, 1.4E-07, 1.1E-07, 1.1E-07, 1.0E-07, 1.1E-07, 2.6E-06, 2.7E+01, 1.3E+02, 1.3E+02, 1.3E+02, 1.3E+02, 1.3E+02, 1.3E+02, 5.6E+01, 7.0E-01, 1.2E-07, 1.4E+01, 6.9E+00, 8.8E+00, 1.0E+01, 1.0E+01, 1.2E+01, 1.3E+01, 1.3E+01, 1.5E+01, 1.6E+01, 1.6E+01, 1.9E+01, 2.0E+01, 2.2E+01, 2.2E+01, 2.7E+01, 2.8E+01, 2.6E+01, 2.9E+01, 2.8E+01, 3.0E+01, 3.0E+01, 2.9E+01, 2.8E+01, 2.9E+01, 2.4E+01, 2.8E+01, 2.8E+01, 2.3E+01, 2.8E+01, 3.0E+01, 2.3E+01, 2.6E+01, 2.7E+01, 2.5E+01, 2.7E+01, 2.5E+01, 2.6E+01, 1.5E+01, 3.2E+01, 2.9E+01, 2.8E+01, 4.4E+01, 1.4E+01, 2.6E+01, 2.3E+01, 2.5E+01, 2.6E+01, 2.7E+01, 2.5E+01, 2.7E+01, 2.7E+01, 2.6E+01, 2.6E+01, 2.6E+01, 2.6E+01, 2.6E+01, 2.6E+01, 2.4E+01, 3.1E+01, 4.3E-14, 0.0E+00, 4.4E-09, 9.4E-08, 1.8E-07, 7.7E-08, 2.7E-08, 3.8E-01, 1.5E+01, 1.5E+01, 1.5E+01, 1.5E+01, 1.5E+01, 1.5E+01, 1.5E+01, 1.5E+01, 1.5E+01, 1.5E+01, 1.3E+02, 1.3E+02, 1.3E+02, 1.3E+02, 1.3E+02, 1.3E+02, 1.3E+02, 1.3E+02, 1.3E+02, 1.3E+02, 1.3E+02, 1.3E+02, 1.3E+02, 1.3E+02, 1.3E+02, 1.3E+02, 1.3E+02, 1.3E+02, 1.3E+02, 2.7E-05, 2.7E-07, 1.3E-07, 9.6E-08, 8.2E-08, 7.7E-08, 7.4E-08, 7.4E-08, 7.4E-08, 7.5E-08, 7.8E-08, 8.1E-08, 8.5E-08, 9.7E-08, 9.4E-08, 1.2E-07, 1.3E-07, 1.6E-07, 2.3E-07, 2.4E-07, 3.0E-07, 7.5E-08, 8.3E-08, 1.1E-07, 2.6E-07, 1.0E-06, 6.0E+00, 5.1E+01, 4.0E+01, 3.5E+01, 3.1E+01, 2.8E+01, 2.3E+01, 2.1E+01, 1.6E+01, 1.6E+01, 1.1E+01, 1.5E+01, 1.5E+01, 1.5E+01, 1.5E+01, 1.5E+01, 1.5E+01, 1.3E+02, 1.3E+02, 1.3E+02, 1.0E+02, 1.0E+02, 1.0E+02, 1.0E+02, 1.0E+02, 1.0E+02, 1.0E+02, 1.0E+02, 1.0E+02, 1.0E+02, 1.0E+02, 1.0E+02, 1.0E+02, 1.0E+02, 1.0E+02, 1.0E+02, 7.1E+01, 4.9E-07, 1.6E-07, 1.2E-07, 9.8E-08, 8.9E-08, 8.4E-08, 8.2E-08, 8.2E-08, 1.3E-07, 1.3E-07, 1.4E-07, 1.5E-07, 1.6E-07, 1.8E-07, 1.9E-07, 4.1E-08, 4.3E-08, 4.4E-08, 4.5E-08, 4.6E-08, 4.7E-08, 4.8E-08, 4.9E-08, 5.1E-08, 5.3E-08, 5.7E-08, 6.2E-08, 7.0E-08, 7.0E-08, 7.0E-08, 1.2E-07, 4.2E-07, 2.0E-07, 7.8E-08, 1.4E-07, 1.2E-07, 2.7E-07, 1.1E-06, 7.9E+01, 1.3E+02, 1.3E+02, 1.3E+02, 1.3E+02, 1.3E+02, 4.5E+01, 3.9E+00, 1.5E+01, 1.5E+01, 1.5E+01, 1.5E+01, 1.5E+01, 1.5E+01, 1.5E+01, 1.5E+01, 2.6E-09, 1.5E-09, 1.0E-07, 1.2E-08, 1.0E+02, 1.0E+02, 1.0E+02, 1.0E+02, 1.0E+02, 1.0E+02, 1.0E+02, 1.0E+02, 1.0E+02, 1.0E+02, 1.0E+02, 1.0E+02, 1.0E+02, 1.3E+02, 1.3E+02, 1.3E+02, 1.3E+02, 1.3E+02, 1.3E+02, 1.3E+02, 1.3E+02, 4.2E+00, 4.0E-07, 1.8E-07, 1.3E-07, 1.1E-07, 1.0E-07, 9.7E-08, 9.5E-08, 9.4E-08, 9.6E-08, 1.1E-07, 1.2E-07, 1.3E-07, 1.2E-07, 1.5E-07, 1.6E-07, 1.7E-07, 1.8E-07, 1.9E-07, 2.1E-07, 2.2E-07, 2.3E-07, 2.4E-07, 2.6E-07, 9.1E-08, 9.4E-08, 9.7E-08, 1.0E-07, 1.1E-07, 1.5E-07, 2.1E-07, 1.9E-07, 1.1E-07, 1.0E-07, 1.9E-07, 1.0E-07, 3.0E-07, 1.3E-07, 1.6E-07, 2.1E-07, 1.3E-07, 1.4E-06, 1.3E-07, 1.1E+02, 1.2E+02, 1.1E+02, 1.1E+02, 1.1E+02, 1.1E+02, 9.9E+01, 1.4E-05, 9.2E-06, 8.1E+00, 9.7E+00, 1.2E+01, 1.2E+01, 1.4E+01, 1.4E+01, 1.6E+01, 1.6E+01, 1.8E+01, 1.9E+01, 2.1E+01, 2.2E+01, 2.4E+01, 2.3E+01, 2.6E+01, 2.7E+01, 2.8E+01, 2.7E+01, 1.4E+01, 5.6E+01, 1.1E+01, 3.1E+01, 2.5E+01, 2.9E+01, 2.9E+01, 2.3E+01, 2.9E+01, 2.8E+01, 2.6E+01, 2.2E+01, 3.4E+01, 1.5E+01, 2.7E+01, 3.0E+01, 2.8E+01, 2.7E+01, 2.7E+01, 2.6E+01, 4.4E+01, 1.3E+01, 2.4E+01, 2.3E+01, 2.6E+01, 2.4E+01, 2.7E+01, 2.7E+01, 2.6E+01, 2.4E+01, 3.0E+01, 2.2E+01, 3.2E+01, 2.0E+01, 3.2E+01, 2.1E+01, 2.1E+01, 4.1E+01, 1.9E+01, 1.6E-10, 6.0E-09, 1.3E+02, 1.3E+02, 1.3E+02, 1.3E+02, 1.3E+02, 1.3E+02, 1.3E+02, 1.3E+02, 1.3E+02, 1.3E+02, 1.3E+02, 1.3E+02, 1.3E+02, 1.3E+02, 5.2E+01, 1.5E+01, 1.5E+01, 7.8E-07, 2.8E-07, 1.9E-07, 1.5E-07, 1.3E-07, 1.2E-07, 1.1E-07, 1.1E-07, 1.1E-07, 1.1E-07, 1.1E-07, 1.2E-07, 1.2E-07, 1.3E-07, 1.4E-07, 4.3E-08, 4.4E-08, 4.7E-08, 4.9E-08, 5.1E-08, 5.4E-08, 5.7E-08, 6.2E-08, 6.7E-08, 7.2E-08, 7.8E-08, 9.1E-08, 9.8E-08, 1.4E-07, 4.0E-06, 8.7E-08, 6.0E-07, 1.9E-07, 2.4E-07, 6.4E-07, 1.2E-07, 1.4E-07, 1.1E-07, 2.2E-07, 3.1E+01, 1.3E+02, 1.3E+02, 1.3E+02, 1.3E+02, 1.3E+02, 1.3E+02, 1.3E+02, 1.3E+02, 1.2E+01, 7.5E-06, 1.7E-05, 3.9E-01, 3.1E+00, 4.6E+00, 6.1E+00, 7.6E+00, 1.5E+01, 1.5E+01, 1.5E+01, 1.5E+01, 1.5E+01, 1.5E+01, 1.5E+01, 1.5E+01, 1.5E+01, 1.5E+01, 1.3E-08, 3.2E-07, 2.6E-08, 4.7E-08, 7.0E-08, 1.0E+02, 1.0E+02, 1.0E+02, 1.0E+02, 1.0E+02, 1.0E+02, 1.0E+02, 1.0E+02, 1.0E+02, 1.0E+02, 1.0E+02, 1.0E+02, 1.0E+02, 1.0E+02, 1.0E+02, 1.0E+02, 1.0E+02, 1.0E+02, 1.0E+02, 5.5E+01, 5.1E-07, 1.5E-07, 1.1E-07, 9.0E-08, 8.2E-08, 7.9E-08, 7.8E-08, 7.7E-08, 7.6E-08, 7.5E-08, 7.7E-08, 8.2E-08, 3.1E-06, 3.9E-06, 5.4E-06, 1.4E-06, 1.8E-05, 8.1E-06, 4.0E-06, 2.0E-06, 1.0E-06, 2.4E-05, 7.7E-07, 1.6E-05, 2.5E-05, 6.1E-06, 2.2E+01, 4.2E+01, 3.2E+01, 2.6E+01, 9.6E-08, 4.7E+01, 7.0E-05, 1.0E-07, 3.2E-07, 1.7E-05, 2.3E+01, 7.4E+01, 6.4E+01, 6.2E+01, 5.0E+01, 8.1E+01, 6.4E+00, 6.4E+01, 1.5E+01, 2.8E+01, 2.1E+01, 2.6E+01, 1.3E+02, 1.3E+02, 1.3E+02, 1.3E+02, 1.3E+02, 1.3E+02, 1.3E+02, 1.3E+02, 1.3E+02, 1.3E+02, 1.3E+02, 1.3E+02, 1.3E+02, 1.3E+02, 1.3E+02, 1.3E+02, 1.3E+02, 1.3E+02, 5.2E-07, 2.2E-07, 1.5E-07, 1.3E-07, 1.1E-07, 1.0E-07, 9.6E-08, 9.2E-08, 9.0E-08, 8.8E-08, 8.9E-08, 9.4E-08, 8.9E-08, 9.5E-08, 1.0E-07, 1.0E-07, 1.0E-07, 1.1E-07, 1.1E-07, 1.1E-07, 1.1E-07, 1.1E-07, 1.1E-07, 1.1E-07, 1.1E-07, 1.2E-07, 1.2E-07, 1.3E-07, 1.5E-07, 1.7E-07, 2.0E-07, 3.0E-07, 8.5E-08, 1.1E-07, 1.7E-07, 3.3E-07, 1.0E-07, 1.3E-07, 1.1E-07, 1.3E-07, 1.1E-07, 1.2E-07, 1.9E-07, 1.7E-07, 3.0E-07, 2.1E-07, 5.1E+01, 1.3E+02, 1.3E+02, 1.3E+02, 1.3E+02, 1.3E+02, 1.3E+02, 6.2E+01, 8.5E-01, 1.6E-07, 1.5E+01, 7.1E+00, 8.3E+00, 9.2E+00, 1.1E+01, 1.1E+01, 1.2E+01, 1.3E+01, 1.3E+01, 1.5E+01, 1.6E+01, 1.8E+01, 1.5E+01, 1.5E+01, 2.2E+01, 3.1E+01, 4.6E+01, 1.8E+01, 2.7E+01, 2.5E+01, 2.7E+01, 3.0E+01, 3.0E+01, 2.9E+01, 2.8E+01, 2.7E+01, 2.7E+01, 2.7E+01, 2.5E+01, 2.8E+01, 2.7E+01, 2.5E+01, 2.8E+01, 2.2E+01, 3.2E+01, 2.4E+01, 2.6E+01, 2.6E+01, 2.6E+01, 2.6E+01, 2.6E+01, 2.6E+01, 2.6E+01, 2.6E+01, 2.6E+01, 2.6E+01, 2.6E+01, 2.6E+01, 2.6E+01, 2.6E+01, 2.5E+01, 2.8E+01, 2.6E+01, 2.6E+01, 1.3E+01, 5.1E+01, 3.0E-07, 5.8E-07, 1.5E+01, 1.5E+01, 2.2E-07, 1.7E-07, 1.2E-07, 3.9E-07, 1.4E-07, 1.9E-07, 1.4E-07, 1.3E+02, 1.3E+02, 1.3E+02, 1.3E+02, 1.3E+02, 1.3E+02, 1.3E+02, 1.3E+02, 1.3E+02, 1.3E+02, 1.3E+02, 1.3E+02, 1.3E+02, 1.3E+02, 1.3E+02, 1.3E+02, 1.3E+02, 1.5E+01, 1.5E+01, 1.5E+01, 1.5E+01, 1.5E+01, 1.5E+01, 1.5E+01, 1.8E-07, 9.4E-08, 7.3E-08, 6.4E-08, 6.0E-08, 6.0E-08, 6.5E-08, 7.1E-08, 7.8E-08, 8.7E-08, 9.7E-08, 1.1E-07, 1.2E-07, 2.6E-08, 3.0E-08, 2.8E-08, 3.1E-08, 3.5E-08, 4.0E-08, 4.4E-08, 6.2E-09, 8.9E-09, 1.6E-08, 2.6E-08, 1.2E-08, 1.8E-08, 4.5E-09, 1.4E-07, 3.8E-07, 1.1E-07, 2.7E-07, 1.1E-07, 7.5E-08, 8.5E-08, 8.0E-08, 8.6E-08, 2.2E-07, 2.0E-06, 5.3E+01, 1.3E+02, 1.3E+02, 1.3E+02, 1.3E+02, 1.3E+02, 1.3E+02, 1.4E-06, 2.1E+00, 7.0E+00, 7.9E+00, 1.5E+01, 1.3E+02, 1.3E+02, 1.3E+02, 1.3E+02, 1.3E+02, 1.3E+02, 1.3E+02, 1.3E+02, 1.3E+02, 1.3E+02, 1.3E+02, 1.3E+02, 1.3E+02, 1.0E+02, 2.1E+01, 2.8E-07, 1.1E-07, 6.9E-08, 5.4E-08, 4.9E-08, 4.8E-08, 4.8E-08, 5.0E-08, 5.1E-08, 5.4E-08, 5.8E-08, 6.1E-08, 6.5E-08, 7.4E-08, 8.2E-08, 9.0E-08, 9.8E-08, 1.1E-07, 1.7E-09, 1.8E-09, 2.0E-09, 2.2E-09, 2.6E-09, 3.1E-09, 3.8E-09, 6.7E-09, 6.5E-09, 8.4E-09, 1.5E-08, 2.4E-07, 2.3E-09, 1.0E+02, 1.0E+02, 1.0E+02, 1.0E+02, 2.0E+01, 8.0E-08, 5.5E-09, 2.8E-08, 6.3E-08, 6.0E-07, 6.2E-06, 2.8E-06, 2.4E-07, 2.0E-07, 2.0E-06, 1.4E-06, 4.0E-07, 1.5E+01, 1.5E+01, 4.5E-06, 2.2E-07, 1.3E+02, 1.3E+02, 1.3E+02, 1.2E+02, 1.5E+01, 1.5E+01, 1.3E+02, 1.3E+02, 1.3E+02, 1.3E+02, 1.3E+02, 1.3E+02, 1.3E+02, 1.3E+02, 1.0E+02, 1.0E+02, 1.0E+02, 1.0E+02, 1.0E+02, 1.0E+02, 1.0E+02, 1.0E+02, 8.2E+01, 2.9E-07, 1.1E-07, 7.1E-08, 6.0E-08, 5.6E-08, 5.4E-08, 5.4E-08, 5.4E-08, 5.6E-08, 5.9E-08, 6.2E-08, 6.6E-08, 7.4E-08, 8.2E-08, 9.0E-08, 9.7E-08, 1.1E-07, 1.1E-07, 1.8E-09, 2.0E-09, 2.2E-09, 2.5E-09, 3.0E-09, 3.6E-09, 4.4E-09, 2.0E-07, 3.0E-07, 3.1E-07, 3.0E-07, 3.1E-07, 2.9E-07, 3.4E-07, 2.6E-07, 2.5E-07, 2.9E-07, 2.3E-07, 2.9E-07, 2.5E-07, 2.9E-07, 3.6E-07, 3.7E-07, 4.6E-07, 1.7E+01, 1.3E+02, 1.3E+02, 1.3E+02, 1.3E+02, 1.3E+02, 1.3E+02, 5.2E+01, 4.9E-01, 6.0E+00, 6.9E+00, 8.1E+00, 9.1E+00, 1.0E+01, 1.1E+01, 1.2E+01, 1.3E+01, 1.4E+01, 1.5E+01, 1.7E+01, 1.8E+01, 1.8E+01, 2.1E+01, 2.4E+01, 2.1E+01, 2.8E+01, 2.8E+01, 2.7E+01, 3.2E+01, 2.6E+01, 3.0E+01, 2.9E+01, 2.9E+01, 2.8E+01, 1.0E+01, 6.2E+01, 7.5E+00, 3.1E+01, 2.6E+01, 2.4E+01, 2.6E+01, 2.5E+01, 2.4E+01, 3.2E+01, 2.2E+01, 2.8E+01, 2.9E+01, 2.2E+01, 3.1E+01, 2.0E+01, 3.3E+01, 2.0E+01, 3.2E+01, 2.0E+01, 3.2E+01, 1.9E+01, 3.4E+01, 2.1E+01, 3.0E+01, 2.4E+01, 1.5E+01, 3.2E+01, 2.8E+01, 2.8E+01, 2.7E+01, 2.7E+01, 2.6E+01, 2.6E+01, 2.6E+01, 2.6E+01, 2.6E+01, 1.5E+01, 1.5E+01, 1.5E+01, 1.5E+01, 1.5E+01, 1.5E+01, 1.5E+01, 1.5E+01, 1.5E+01, 1.5E+01, 1.5E+01, 1.5E+01, 3.4E-08, 2.2E-07, 1.0E-08, 5.5E-07, 6.5E-09, 1.3E-08, 2.2E-07, 1.0E+02, 1.0E+02, 1.0E+02, 1.0E+02, 1.0E+02, 1.0E+02, 1.0E+02, 1.0E+02, 1.0E+02, 1.0E+02, 1.0E+02, 1.0E+02, 1.0E+02, 1.0E+02, 1.0E+02, 1.0E+02, 1.0E+02, 1.0E+02, 1.3E+02, 1.3E+02, 1.3E+02, 1.3E+02, 4.7E+01, 3.7E-07, 1.7E-07, 1.2E-07, 1.0E-07, 9.0E-08, 8.5E-08, 8.4E-08, 8.8E-08, 9.4E-08, 1.0E-07, 1.2E-07, 1.7E-07, 2.4E-07, 3.7E-07, 7.3E-07, 1.6E-06, 2.5E-07, 5.2E-05, 1.3E-06, 2.4E+01, 3.9E+01, 3.4E+01, 3.0E+01, 2.7E+01, 2.5E+01, 2.3E+01, 2.2E+01, 2.0E+01, 1.7E+01, 1.6E+01, 1.4E+01, 1.3E+01, 1.5E+01, 1.5E+01, 1.5E+01, 1.5E+01, 1.5E+01, 1.5E+01, 1.5E+01, 1.5E+01, 1.0E+02, 1.0E+02, 1.0E+02, 1.0E+02, 1.0E+02, 1.0E+02, 1.0E+02, 1.0E+02, 1.0E+02, 1.0E+02, 1.0E+02, 1.0E+02, 1.0E+02, 1.0E+02, 1.0E+02, 1.0E+02, 1.0E+02, 1.0E+02, 1.0E+02, 1.0E+02, 6.7E+01, 4.3E-07, 1.4E-07, 1.5E-07, 1.5E+01, 1.5E+01, 1.5E+01, 1.5E+01, 1.5E+01, 1.5E+01, 1.5E+01, 1.5E+01, 1.5E+01, 1.5E+01, 1.0E-07, 1.1E-07, 1.2E-07, 1.4E-07, 1.6E-07, 1.8E-07, 2.2E-07, 2.7E-07, 5.1E-08, 6.0E-08, 9.2E-08, 2.2E-07, 2.1E-07, 2.1E+01, 1.8E-05, 7.5E-07, 1.1E-07, 1.8E-07, 1.3E-07, 1.3E-07, 8.6E-08, 1.2E-07, 1.2E-07, 9.3E-08, 2.9E-07, 1.6E-07, 9.7E-07, 4.8E-06, 5.5E+01, 1.2E+02, 1.1E+02, 1.1E+02, 1.1E+02, 9.0E+01, 1.1E+02, 6.3E-06, 2.2E-06, 1.8E+00, 1.3E+02, 1.3E+02, 1.3E+02, 1.3E+02, 1.3E+02, 1.3E+02, 1.3E+02, 1.3E+02, 1.3E+02, 1.3E+02, 1.3E+02, 1.3E+02, 1.3E+02, 1.3E+02, 7.3E+01, 1.5E+01, 1.5E+01, 1.5E+01, 1.5E+01, 1.5E+01, 1.5E+01, 1.5E+01, 1.5E+01, 1.5E+01, 1.5E+01, 1.5E+01, 1.5E+01, 1.5E+01, 1.5E+01, 1.5E+01, 1.5E+01, 1.5E+01, 1.5E+01, 1.5E+01, 1.5E+01, 3.0E-08, 3.0E-08, 2.9E-08, 2.8E-08, 2.8E-08, 2.8E-08, 2.8E-08, 2.9E-08, 3.0E-08, 3.2E-08, 3.5E-08, 3.9E-08, 4.4E-08, 5.1E-08, 6.0E-08, 7.0E-08, 8.1E-08, 1.0E-07, 1.3E-07, 1.5E-07, 2.5E-07, 4.8E-09, 2.2E-07, 6.4E-09, 9.8E-09, 1.7E-07, 9.5E-07, 8.7E-09, 1.3E-07, 2.4E-08, 5.9E-07, 6.1E-07, 3.4E-07, 2.7E-08, 1.0E-06, 4.6E-06, 1.3E-06, 3.6E+01, 1.3E+02, 1.3E+02, 1.3E+02, 1.3E+02, 1.3E+02, 1.3E+02, 1.3E+02, 1.3E+02, 8.9E+01, 1.8E-06, 1.3E-06, 1.6E-06, 3.0E-07, 8.3E-07, 1.3E+00, 5.5E+00, 6.2E+00, 6.9E+00, 7.2E+00, 7.8E+00, 8.3E+00, 8.1E+00, 9.3E+00, 1.1E+01, 1.2E+01, 1.2E+01, 1.3E+01, 1.5E+01, 1.8E+01, 1.9E+01, 2.5E+01, 2.5E+01, 3.1E+01, 3.4E+01, 5.0E+01, 2.7E+01, 3.9E+01, 3.1E+01, 3.0E+01, 2.8E+01, 2.8E+01, 2.7E+01, 2.7E+01, 2.5E+01, 2.7E+01, 2.2E+01, 3.1E+01, 1.9E+01, 3.3E+01, 2.3E+01, 2.6E+01, 2.4E+01, 2.7E+01, 2.5E+01, 1.5E+01, 3.1E+01, 2.9E+01, 2.8E+01, 2.7E+01, 2.7E+01, 4.5E+01, 2.4E-04, 1.5E+01, 1.5E+01, 1.5E+01, 4.1E-07, 1.4E-07, 2.9E-07, 1.1E-07, 5.1E-07, 2.6E-08, 2.6E-07, 2.7E-09, 7.3E+01, 1.3E+02, 1.3E+02, 1.3E+02, 1.3E+02, 1.3E+02, 1.3E+02, 1.3E+02, 1.3E+02, 1.3E+02, 1.3E+02, 1.3E+02, 1.3E+02, 1.3E+02, 1.3E+02, 1.3E+02, 1.3E+02, 1.3E+02, 1.3E+02, 6.8E+01, 1.5E+01, 2.9E-07, 1.4E-07, 9.9E-08, 8.0E-08, 7.0E-08, 6.4E-08, 6.0E-08, 5.9E-08, 6.1E-08, 6.4E-08, 6.9E-08, 8.0E-08, 1.0E-07, 1.4E-07, 2.0E-07, 2.8E-07, 4.8E-07, 8.5E-07, 6.5E-07, 5.3E-08, 9.1E-08, 2.1E-07, 9.8E-07, 2.2E+01, 3.6E+01, 3.2E+01, 2.7E+01, 2.7E+01, 2.2E+01, 2.1E+01, 2.1E+01, 1.7E+01, 1.5E+01, 1.5E+01, 1.1E+01, 1.0E+01, 9.1E+00, 1.2E+00, 7.5E+00, 9.1E-08, 8.7E-08, 9.2E-08, 2.0E-07, 1.0E-04, 6.9E-05, 1.2E+02, 1.3E+02, 1.3E+02, 1.3E+02, 1.3E+02, 1.3E+02, 1.3E+02, 1.3E+02, 1.3E+02, 1.3E+02, 1.3E+02, 1.0E+02, 1.0E+02, 1.0E+02, 1.0E+02, 1.0E+02, 1.0E+02, 1.0E+02, 7.7E+01, 8.4E-07, 1.5E-07, 1.0E-07, 8.6E-08, 7.7E-08, 7.2E-08, 7.0E-08, 6.9E-08, 7.0E-08, 7.3E-08, 7.9E-08, 8.5E-08, 9.1E-08, 9.8E-08, 1.0E-07, 1.1E-07, 1.9E-09, 1.9E-09, 2.1E-09, 2.2E-09, 3.1E-08, 3.4E-08, 3.6E-08, 3.9E-08, 4.0E-08, 4.2E-08, 4.4E-08, 4.7E-08, 5.1E-08, 4.4E-08, 4.7E-08, 2.0E-07, 2.7E-07, 8.5E-08, 4.7E-08, 1.2E-07, 1.6E-07, 3.4E-07, 2.4E-06, 1.3E+02, 1.3E+02, 1.3E+02, 1.3E+02, 1.3E+02, 1.3E+02, 1.3E+02, 1.3E+02, 1.3E+02, 1.3E+02, 1.3E+02, 1.3E+02, 1.3E+02, 1.3E+02, 1.3E+02, 1.3E+02, 1.3E+02, 1.3E+02, 1.3E+02, 1.3E+02, 1.5E+01, 1.5E+01, 1.5E+01, 1.5E+01, 1.5E+01, 1.5E+01, 1.5E+01, 1.5E+01, 1.5E+01, 1.5E+01, 1.5E+01, 1.5E+01, 1.5E+01, 1.5E+01, 2.7E-08, 2.8E-08, 2.8E-08, 2.8E-08, 2.7E-08, 2.5E-08, 2.2E-08, 2.0E-08, 3.5E-08, 3.5E-08, 3.7E-08, 4.2E-08, 1.6E-08, 2.1E-08, 2.6E-08, 3.0E-08, 4.4E-08, 7.0E-08, 1.1E-07, 3.8E-08, 5.0E-08, 6.4E-08, 1.3E-07, 1.6E-07, 2.1E-07, 2.6E-07, 4.9E-08, 5.9E-08, 5.3E-08, 4.5E-07, 1.2E-07, 7.7E-08, 2.5E-07, 1.0E-07, 1.2E-06, 1.6E-06, 1.2E-07, 6.5E-07, 1.3E-07, 1.1E-07, 1.0E-07, 4.4E+01, 1.3E+02, 1.3E+02, 1.3E+02, 1.3E+02, 1.3E+02, 1.3E+02, 1.3E+02, 1.3E+02, 4.8E+01, 3.6E-06, 2.2E-06, 8.5E-01, 4.9E+00, 5.5E+00, 5.5E+00, 5.9E+00, 6.8E+00, 7.2E+00, 7.4E+00, 7.4E+00, 8.6E+00, 9.4E+00, 1.0E+01, 1.1E+01, 1.1E+01, 1.3E+01, 1.5E+01, 1.8E+01, 1.8E+01, 2.2E+01, 2.9E+01, 2.3E+01, 3.0E+01, 5.2E+01, 2.6E+01, 4.2E+01, 2.7E+01, 3.3E+01, 2.8E+01, 2.9E+01, 2.7E+01, 2.7E+01, 2.4E+01, 3.1E+01, 2.1E+01, 2.7E+01, 2.8E+01, 2.4E+01, 2.6E+01, 2.8E+01, 2.5E+01, 2.6E+01, 2.6E+01, 2.5E+01, 2.6E+01, 2.6E+01, 2.6E+01, 2.5E+01, 2.7E+01, 2.7E+01, 2.5E+01, 2.5E+01, 1.6E+01, 3.4E+01, 2.7E+01, 2.7E+01, 2.7E+01, 2.7E+01, 2.6E+01, 2.6E+01, 2.6E+01, 4.5E+01, 1.1E+01, 2.5E+01, 2.2E+01, 2.6E+01, 7.4E-12, 2.4E-08, 1.5E+01, 6.4E-06, 4.5E-07, 6.6E-08, 8.9E-08, 1.8E-07, 6.0E-08, 1.5E-07, 1.3E+02, 1.3E+02, 1.3E+02, 1.3E+02, 1.3E+02, 1.3E+02, 1.3E+02, 1.3E+02, 1.3E+02, 1.3E+02, 1.3E+02, 1.3E+02, 1.3E+02, 1.3E+02, 1.3E+02, 1.3E+02, 1.3E+02, 1.3E+02, 1.3E+02, 1.0E+01, 2.4E-06, 2.9E-07, 2.4E-07, 2.1E-07, 2.1E-07, 6.0E-08, 5.7E-08, 5.5E-08, 5.4E-08, 5.5E-08, 5.7E-08, 5.9E-08, 7.0E-08, 8.3E-08, 9.9E-08, 9.2E-08, 1.0E-07, 1.2E-07, 1.4E-07, 1.6E-07, 3.3E-08, 3.5E-08, 3.8E-08, 4.1E-08, 4.4E-08, 4.8E-08, 5.3E-08, 5.8E-08, 1.2E-07, 9.5E-08, 3.1E-07, 1.4E-07, 6.2E-08, 8.6E-08, 3.1E-05, 1.3E+02, 1.3E+02, 1.0E+02, 2.4E+01, 2.9E+01, 2.5E+01, 2.1E+01, 2.1E+01, 1.9E+01, 1.9E+01, 2.1E+01, 1.8E+01, 1.8E+01, 2.2E+01, 2.5E+01, 1.8E+01, 2.4E+01, 3.0E+01, 3.1E+01, 3.5E+01, 3.4E+01, 3.4E+01, 3.2E+01, 1.3E+02, 1.3E+02, 1.3E+02, 1.3E+02, 1.3E+02, 1.3E+02, 1.3E+02, 1.3E+02, 1.3E+02, 1.3E+02, 1.3E+02, 1.3E+02, 1.3E+02, 1.3E+02, 1.3E+02, 1.3E+02, 1.5E+01, 1.5E+01, 1.5E+01, 5.7E-08, 4.5E-08, 3.9E-08, 3.5E-08, 3.5E-08, 3.7E-08, 4.0E-08, 4.5E-08, 5.1E-08, 5.9E-08, 6.9E-08, 8.6E-08, 1.1E-07, 1.4E-07, 1.7E-07, 2.2E-07, 3.1E-07, 1.1E-08, 2.1E-08, 7.2E-08, 4.0E-07, 8.3E+00, 4.2E+01, 3.6E+01, 3.3E+01, 3.1E+01, 2.5E+01, 2.2E+01, 2.0E+01, 1.9E+01, 1.6E+01, 9.8E+00, 8.8E+00, 5.0E-10, 2.3E-08, 3.1E-08, 4.7E-07, 2.1E-07, 8.1E-08, 1.6E-07, 8.0E-08, 1.2E-07, 1.6E-06, 1.5E+01, 1.5E+01, 1.5E+01, 1.5E+01, 2.5E-08, 7.3E-07, 1.5E+01, 5.9E+01, 1.3E+02, 1.3E+02, 1.3E+02, 1.3E+02, 1.3E+02, 1.3E+02, 1.3E+02, 1.3E+02, 1.3E+02, 1.3E+02, 1.3E+02, 1.3E+02, 1.3E+02, 1.3E+02, 1.3E+02, 1.3E+02, 1.3E+02, 1.3E+02, 1.3E+02, 1.3E+02, 9.7E+01, 2.9E-07, 2.8E-07, 2.4E-07, 2.2E-07, 2.1E-07, 2.0E-07, 2.0E-07, 2.0E-07, 2.0E-07, 2.0E-07, 2.0E-07, 2.0E-07, 2.0E-07, 2.1E-07, 2.1E-07, 2.2E-07, 2.2E-07, 2.3E-07, 2.3E-07, 2.4E-07, 2.4E-07, 2.5E-07, 2.5E-07, 3.2E-07, 3.4E-07, 3.6E-07, 3.8E-07, 3.9E-07, 4.3E-07, 4.6E-07, 4.8E-07, 5.3E-07, 3.5E-07, 3.6E-07, 3.7E-07, 4.2E-07, 3.4E-07, 4.6E-07, 3.9E-07, 3.5E-07, 3.4E-07, 5.0E-07, 3.8E-07, 3.3E-07, 3.5E-07, 7.0E-07, 7.1E-07, 2.8E+00, 1.3E+02, 1.3E+02, 1.3E+02, 1.3E+02, 1.3E+02, 1.3E+02, 1.3E+02, 4.4E+01, 2.0E+00, 5.6E+00, 6.3E+00, 6.9E+00, 7.3E+00, 7.7E+00, 8.5E+00, 7.9E+00, 1.5E+01, 1.5E+01, 1.5E+01, 1.5E+01, 1.5E+01, 1.9E-09, 1.8E-07, 3.0E-01, 3.2E+01, 3.0E+01, 3.1E+01, 3.1E+01, 2.6E+01, 4.1E+01, 2.9E+01, 3.3E+01, 3.0E+01, 2.9E+01, 2.8E+01, 2.8E+01, 2.7E+01, 2.7E+01, 2.5E+01, 2.7E+01, 2.7E+01, 2.5E+01, 2.0E+01, 3.9E+01, 2.0E+01, 2.7E+01, 2.5E+01, 2.6E+01, 2.5E+01, 2.8E+01, 2.6E+01, 2.5E+01, 2.6E+01, 2.6E+01, 2.8E+01, 1.5E+01, 2.9E+01, 2.9E+01, 4.4E+01, 1.4E+01, 2.6E+01, 1.5E+01, 1.5E+01, 1.3E+02, 1.3E+02, 1.3E+02, 1.3E+02, 1.3E+02, 1.3E+02, 1.3E+02, 1.3E+02, 1.3E+02, 1.3E+02, 1.3E+02, 1.3E+02, 1.3E+02, 1.3E+02, 1.7E+01, 1.5E+01, 1.5E+01, 1.5E+01, 1.1E-06, 1.7E-07, 1.1E-07, 9.3E-08, 5.2E-08, 5.2E-08, 5.3E-08, 5.6E-08, 5.8E-08, 9.1E-08, 9.6E-08, 1.0E-07, 1.1E-07, 1.2E-07, 2.2E-08, 2.4E-08, 2.7E-08, 3.0E-08, 3.3E-08, 3.5E-08, 3.6E-08, 4.0E-08, 4.3E-08, 4.6E-08, 5.1E-08, 5.3E-08, 7.5E-08, 1.8E-07, 3.8E-07, 7.1E-08, 4.7E-07, 1.9E-07, 2.1E-07, 2.8E-07, 1.1E-07, 5.2E-07, 2.2E-07, 8.2E-08, 5.0E-07, 4.4E+01, 1.3E+02, 1.3E+02, 1.3E+02, 1.3E+02, 1.3E+02, 1.3E+02, 1.3E+02, 1.3E+02, 6.5E+01, 1.2E-06, 5.3E-07, 4.5E-07, 1.5E+01, 1.5E+01, 1.5E+01, 1.5E+01, 1.5E+01, 1.5E+01, 1.5E+01, 1.5E+01, 1.7E-08, 2.9E-08, 7.6E-08, 1.3E-07, 1.4E-07, 6.7E-11, 1.0E+02, 1.0E+02, 1.0E+02, 1.0E+02, 1.0E+02, 1.0E+02, 1.0E+02, 1.0E+02, 1.0E+02, 1.0E+02, 1.0E+02, 1.0E+02, 1.0E+02, 1.0E+02, 1.0E+02, 1.0E+02, 1.0E+02, 1.0E+02, 1.3E+02, 1.3E+02, 1.3E+02, 1.1E+02, 6.5E+00, 4.6E-07, 3.5E-07, 3.0E-07, 2.9E-07, 2.8E-07, 2.8E-07, 2.9E-07, 3.1E-07, 3.8E-07, 4.2E-07, 4.9E-07, 6.1E-07, 4.4E-07, 4.7E-07, 4.5E-07, 3.7E-06, 3.8E-06, 4.3E-06, 2.7E-07, 3.0E-07, 2.1E-06, 7.4E-07, 1.4E-06, 1.5E-06, 2.0E-06, 4.7E-06, 9.0E-06, 5.0E-07, 1.2E-07, 1.1E-07, 5.3E-07, 1.1E-07, 4.4E-07, 1.1E-07, 1.4E-07, 1.3E+02, 1.3E+02, 1.3E+02, 1.3E+02, 1.3E+02, 1.3E+02, 1.3E+02, 1.3E+02, 1.3E+02, 1.3E+02, 1.3E+02, 1.3E+02, 1.3E+02, 1.3E+02, 1.3E+02, 1.3E+02, 1.3E+02, 1.3E+02, 2.6E+01, 1.5E+01, 1.5E+01, 1.5E+01, 1.5E+01, 1.5E+01, 1.5E+01, 1.5E+01, 1.5E+01, 1.5E+01, 1.5E+01, 1.5E+01, 1.5E+01, 1.5E+01, 1.5E+01, 1.5E+01, 1.5E+01, 1.5E+01, 1.5E+01, 1.5E+01, 1.5E+01, 3.3E-08, 7.8E-09, 8.3E-09, 2.1E-08, 3.7E-08, 5.3E-08, 6.4E-08, 7.2E-08, 7.6E-08, 7.6E-08, 7.1E-08, 6.1E-08, 4.9E-08, 3.6E-08, 3.1E-08, 3.9E-08, 5.4E-08, 7.1E-08, 1.0E-07, 2.0E-07, 2.6E-07, 4.8E-08, 6.2E-08, 5.4E-08, 5.8E-08, 6.7E-08, 7.7E-08, 1.4E-07, 6.6E-07, 9.3E-08, 9.5E-08, 7.4E-07, 1.9E-06, 8.3E-08, 1.5E-07, 2.2E-07, 1.2E+02, 1.3E+02, 1.3E+02, 1.3E+02, 1.3E+02, 1.3E+02, 1.3E+02, 1.3E+02, 8.4E+01, 2.0E-06, 1.3E-06, 8.0E-01, 5.2E+00, 5.7E+00, 5.6E+00, 6.1E+00, 6.9E+00, 7.3E+00, 7.1E+00, 7.9E+00, 8.7E+00, 9.5E+00, 1.0E+01, 1.1E+01, 1.2E+01, 1.3E+01, 1.5E+01, 1.6E+01, 1.9E+01, 2.1E+01, 2.8E+01, 2.7E+01, 2.4E+01, 5.3E+01, 2.4E+01, 4.3E+01, 2.7E+01, 3.3E+01, 2.8E+01, 2.9E+01, 2.7E+01, 2.7E+01, 2.7E+01, 2.5E+01, 2.5E+01, 2.9E+01, 2.5E+01, 2.3E+01, 2.9E+01, 2.5E+01, 2.7E+01, 2.4E+01, 2.7E+01, 2.5E+01, 2.6E+01, 2.6E+01, 2.6E+01, 2.5E+01, 2.7E+01, 1.5E+01, 3.2E+01, 2.8E+01, 4.4E+01, 1.3E+01, 2.7E+01, 2.3E+01, 2.6E+01, 2.5E+01, 2.6E+01, 1.5E-04, 1.7E-09, 2.0E-08, 1.5E+01, 4.5E+00, 6.6E-08, 7.3E-07, 1.3E+02, 1.3E+02, 1.3E+02, 1.3E+02, 1.3E+02, 1.3E+02, 1.3E+02, 1.0E+02, 1.0E+02, 1.0E+02, 1.0E+02, 1.0E+02, 1.0E+02, 1.0E+02, 1.0E+02, 1.0E+02, 1.0E+02, 1.0E+02, 1.3E+02, 1.2E+02, 3.5E-07, 1.5E-07, 1.0E-07, 8.1E-08, 7.1E-08, 6.6E-08, 6.4E-08, 6.4E-08, 6.5E-08, 7.0E-08, 8.6E-08, 1.1E-07, 1.4E-07, 1.8E-07, 1.7E-07, 2.4E-07, 3.7E-07, 6.8E-07, 6.7E-08, 2.0E-07, 1.9E-06, 2.2E+01, 4.2E+01, 3.6E+01, 3.2E+01, 2.9E+01, 2.6E+01, 2.3E+01, 2.0E+01, 1.9E+01, 1.7E+01, 1.4E+01, 1.4E+01, 1.2E+01, 1.2E+01, 6.1E+00, 3.9E+00, 3.3E+00, 7.2E-07, 4.9E-07, 2.3E-06, 1.1E-07, 5.0E-07, 1.3E+02, 1.3E+02, 1.3E+02, 1.3E+02, 1.3E+02, 1.3E+02, 1.3E+02, 1.3E+02, 1.3E+02, 1.3E+02, 1.3E+02, 1.3E+02, 1.3E+02, 1.3E+02, 1.3E+02, 1.0E+02, 1.0E+02, 1.0E+02, 1.0E+02, 3.2E-07, 1.1E-07, 9.3E-08, 6.7E-08, 5.8E-08, 5.7E-08, 5.8E-08, 4.7E-08, 4.9E-08, 5.2E-08, 5.5E-08, 5.8E-08, 6.3E-08, 7.0E-08, 7.6E-08, 8.1E-08, 8.6E-08, 9.0E-08, 9.4E-08, 9.9E-08, 1.0E-07, 1.2E-07, 1.1E-07, 1.2E-07, 1.4E-07, 2.7E-09, 3.6E-09, 4.8E-09, 8.5E-09, 6.4E-08, 6.0E-08, 4.9E-08, 4.7E-08, 6.5E-08, 4.2E-08, 5.4E-08, 5.5E-07, 1.3E+02, 1.3E+02, 1.3E+02, 1.3E+02, 1.3E+02, 1.1E+02, 9.5E-07, 1.3E-07, 9.3E-08, 9.3E-08, 2.0E-07, 1.2E-07, 8.7E-08, 1.5E-07, 1.3E-07, 9.9E-08, 1.1E-07, 2.6E-07, 2.9E-07, 4.2E-07, 1.0E-06, 4.8E-07, 2.1E-06, 1.3E+02, 1.3E+02, 1.3E+02, 1.3E+02, 1.3E+02, 1.3E+02, 1.3E+02, 1.3E+02, 1.3E+02, 1.3E+02, 1.3E+02, 1.3E+02, 1.3E+02, 1.3E+02, 1.3E+02, 1.3E+02, 1.3E+02, 1.3E+02, 1.3E+02, 1.5E+01, 1.5E+01, 1.5E+01, 1.5E+01, 1.5E+01, 1.5E+01, 9.4E-08, 5.1E-08, 4.1E-08, 3.8E-08, 3.6E-08, 3.9E-08, 3.5E-08, 3.9E-08, 4.3E-08, 4.8E-08, 5.1E-08, 5.4E-08, 5.5E-08, 5.5E-08, 5.6E-08, 5.7E-08, 5.8E-08, 5.9E-08, 5.9E-08, 6.1E-08, 1.6E-07, 1.7E-07, 1.7E-07, 1.9E-07, 2.1E-07, 2.3E-07, 2.7E-07, 1.0E-07, 1.1E-07, 1.2E-07, 1.3E-07, 1.2E-07, 2.3E-07, 2.7E-07, 1.4E-07, 2.9E-07, 3.8E-07, 1.8E-07, 1.3E-07, 2.3E-07, 2.1E-07, 2.6E-07, 4.2E-07, 7.7E+01, 1.3E+02, 1.3E+02, 1.3E+02, 1.3E+02, 1.3E+02, 1.3E+02, 1.1E+02, 6.4E-07, 3.8E+00, 5.9E+00, 6.6E+00, 7.0E+00, 7.6E+00, 8.2E+00, 8.3E+00, 1.5E+01, 1.5E+01, 1.5E+01, 1.4E-06, 7.3E-07, 9.7E+00, 1.9E+01, 1.8E+01, 1.9E+01, 2.3E+01, 2.4E+01, 2.8E+01, 2.8E+01, 3.0E+01, 3.1E+01, 3.4E+01, 3.2E+01, 3.1E+01, 2.9E+01, 2.8E+01, 2.7E+01, 2.7E+01, 2.6E+01, 2.9E+01, 2.2E+01, 3.0E+01, 2.5E+01, 2.5E+01, 2.7E+01, 2.6E+01, 2.6E+01, 1.9E+01, 4.0E+01, 1.8E+01, 3.1E+01, 2.2E+01, 1.4E+01, 4.9E+01, 1.7E+01, 2.9E+01, 2.0E+01, 3.2E+01, 2.1E+01, 3.1E+01, 2.2E+01, 2.9E+01, 2.5E+01, 2.6E+01, 2.5E+01, 2.6E+01, 3.0E+01, 2.1E+01, 3.1E+01, 2.5E+01, 2.6E+01, 6.6E-05, 1.9E-07, 1.5E+01, 1.5E+01, 1.5E+01, 1.5E+01, 1.5E+01

Carbohydrate Events (50 total):
  - Week 1 Day 1 07:06: 99.4g (breakfast)
  - Week 1 Day 1 10:45: 17.1g (morning_snack)
  - Week 1 Day 1 13:16: 82.8g (lunch)
  - Week 1 Day 1 15:40: 19.3g (afternoon_snack)
  - Week 1 Day 1 18:03: 95.8g (dinner)
  - Week 1 Day 2 07:12: 98.2g (breakfast)
  - Week 1 Day 2 10:21: 14.1g (morning_snack)
  - Week 1 Day 2 13:01: 96.2g (lunch)
  - Week 1 Day 2 16:29: 10.1g (afternoon_snack)
  - Week 1 Day 2 19:22: 99.8g (dinner)
  - Week 1 Day 3 07:52: 101.4g (breakfast)
  - Week 1 Day 3 10:26: 14.7g (morning_snack)
  - Week 1 Day 3 13:01: 92.1g (lunch)
  - Week 1 Day 3 16:40: 11.2g (afternoon_snack)
  - Week 1 Day 3 19:33: 114.3g (dinner)
  - Week 1 Day 4 06:30: 86.5g (breakfast)
  - Week 1 Day 4 10:49: 15.4g (morning_snack)
  - Week 1 Day 4 13:51: 84.0g (lunch)
  - Week 1 Day 4 16:13: 16.5g (afternoon_snack)
  - Week 1 Day 4 19:33: 112.7g (dinner)
  - Week 1 Day 5 07:11: 88.9g (breakfast)
  - Week 1 Day 5 09:14: 10.8g (morning_snack)
  - Week 1 Day 5 13:27: 86.5g (lunch)
  - Week 1 Day 5 16:39: 18.3g (afternoon_snack)
  - Week 1 Day 5 19:30: 93.7g (dinner)
  - Week 1 Day 6 07:55: 96.2g (breakfast)
  - Week 1 Day 6 10:18: 18.7g (morning_snack)
  - Week 1 Day 6 13:10: 97.8g (lunch)
  - Week 1 Day 6 15:56: 18.7g (afternoon_snack)
  - Week 1 Day 6 19:13: 86.1g (dinner)
  - Week 1 Day 7 07:22: 111.5g (breakfast)
  - Week 1 Day 7 09:33: 15.1g (morning_snack)
  - Week 1 Day 7 12:59: 82.4g (lunch)
  - Week 1 Day 7 16:22: 14.2g (afternoon_snack)
  - Week 1 Day 7 18:03: 90.1g (dinner)
  - Week 2 Day 1 07:12: 112.7g (breakfast)
  - Week 2 Day 1 11:00: 10.5g (morning_snack)
  - Week 2 Day 1 13:44: 96.2g (lunch)
  - Week 2 Day 1 15:42: 17.6g (afternoon_snack)
  - Week 2 Day 1 19:44: 105.1g (dinner)
  - Week 2 Day 2 06:33: 88.5g (breakfast)
  - Week 2 Day 2 10:50: 15.3g (morning_snack)
  - Week 2 Day 2 13:34: 119.6g (lunch)
  - Week 2 Day 2 15:00: 15.2g (afternoon_snack)
  - Week 2 Day 2 18:23: 92.9g (dinner)
  - Week 2 Day 3 06:50: 103.4g (breakfast)
  - Week 2 Day 3 09:12: 18.8g (morning_snack)
  - Week 2 Day 3 12:10: 99.0g (lunch)
  - Week 2 Day 3 16:22: 17.6g (afternoon_snack)
  - Week 2 Day 3 18:46: 104.6g (dinner)

Running Events (11 total):
 - Week 1 Day 1 06:22: Running avg speed 5.0 mph for 30 min
 - Week 1 Day 2 06:22: Running avg speed 5.0 mph for 30 min
 - Week 1 Day 3 06:22: Running avg speed 5.0 mph for 30 min
 - Week 1 Day 4 06:22: Running avg speed 5.0 mph for 30 min
 - Week 1 Day 5 06:22: Running avg speed 5.0 mph for 30 min
 - Week 1 Day 6 06:22: Running avg speed 5.0 mph for 30 min
 - Week 1 Day 7 06:22: Running avg speed 5.0 mph for 30 min
 - Week 2 Day 1 06:22: Running avg speed 5.0 mph for 30 min
 - Week 2 Day 2 06:22: Running avg speed 5.0 mph for 30 min
 - Week 2 Day 3 06:22: Running avg speed 5.0 mph for 30 min
 - Week 2 Day 4 06:22: Running avg speed 5.0 mph for 30 min

Cycling Events (10 total):
  - Week 1 Day 1 17:47: Cycling avg power 90.0 for 20 min
  - Week 1 Day 2 17:11: Cycling avg power 90.0 for 20 min
  - Week 1 Day 3 16:02: Cycling avg power 90.0 for 20 min
  - Week 1 Day 4 16:04: Cycling avg power 90.0 for 20 min
  - Week 1 Day 5 17:33: Cycling avg power 90.0 for 20 min
  - Week 1 Day 6 17:06: Cycling avg power 90.0 for 20 min
  - Week 1 Day 7 16:18: Cycling avg power 90.0 for 20 min
  - Week 2 Day 1 17:55: Cycling avg power 90.0 for 20 min
  - Week 2 Day 2 16:23: Cycling avg power 90.0 for 20 min
  - Week 2 Day 3 17:12: Cycling avg power 90.0 for 20 min



Question: What will the glucose level be 1 hour after my breakfast? (Assume I am going to eat my breakfast right away)

Instructions: Take the current blood glucose values and assume the carbohydrate intake event immediately starts and predict the glucose level 1 hour after the carbohydrate intake. Return a float number for the glucose level 1 hour after the carbohydrate intake.

Expected Answer Type: float

Example Answer: 72.02821634967549

Please analyze the data carefully and provide your answer as a **json object** in the exact format specified by the answer type. Be precise and base your response only on the data provided.

Conclude your analysis with: 
```json 
{"answer": your answer here}
```