You are a medical AI assistant analyzing diabetes management data. Based on the patient's health data, answer the following question accurately.

PATIENT DATA OVERVIEW:
This data represents a continuous glucose monitoring (CGM) session for a diabetes patient. The data includes:
- Blood glucose readings taken every 5 minutes, begining at Week 1, Day 1, 00:00 (normal range: 70-180 mg/dL)
- Carbohydrate intake events with timing and amounts
- Insulin delivery events (basal background insulin and bolus meal insulin)
- Physical activity events (running/cycling with duration and intensity)

The data may contain various artifacts, sensor issues, or abnormal patterns that need to be identified and analyzed.

Patient Health Data:

Blood Glucose Readings (mg/dL, every 5 minutes): 4397 readings
  Values: 108.0, 108.0, 108.0, 108.0, 108.0, 108.0, 108.0, 108.0, 108.1, 108.1, 108.2, 108.3, 108.4, 108.6, 108.8, 109.0, 109.2, 109.4, 109.6, 109.8, 110.0, 110.1, 110.3, 110.4, 110.4, 110.5, 110.5, 110.5, 110.5, 110.4, 110.4, 110.3, 110.2, 110.1, 110.0, 109.9, 109.8, 109.7, 109.6, 109.6, 109.5, 109.5, 109.6, 109.6, 109.7, 109.7, 109.8, 109.9, 109.9, 110.0, 110.0, 110.1, 110.1, 110.1, 110.2, 110.2, 110.2, 110.2, 110.2, 110.2, 110.2, 110.2, 110.2, 110.2, 110.2, 110.2, 110.2, 110.2, 110.2, 110.1, 110.1, 110.1, 110.1, 110.1, 110.1, 110.1, 110.1, 110.1, 108.5, 100.0, 87.2, 73.6, 60.8, 49.7, 41.7, 40.1, 43.1, 47.8, 52.7, 57.2, 61.1, 64.6, 67.5, 70.0, 72.0, 74.1, 76.4, 79.5, 83.6, 88.9, 95.6, 103.6, 112.5, 122.1, 132.0, 142.0, 151.9, 161.5, 170.5, 178.9, 186.7, 193.6, 199.7, 205.0, 209.3, 212.8, 215.4, 217.0, 217.9, 217.8, 217.0, 215.5, 213.2, 210.4, 207.1, 203.2, 199.0, 194.5, 189.7, 184.7, 179.6, 174.4, 169.1, 163.8, 158.8, 154.4, 150.7, 147.3, 144.2, 141.2, 138.2, 135.2, 132.1, 128.9, 125.7, 122.5, 119.3, 116.1, 112.9, 109.8, 106.8, 103.8, 101.0, 98.2, 95.5, 93.0, 90.6, 88.2, 86.1, 84.2, 82.8, 82.0, 82.0, 82.9, 84.8, 87.7, 91.6, 96.6, 102.5, 109.0, 115.9, 123.1, 130.3, 137.3, 144.1, 150.5, 156.4, 161.8, 166.6, 170.7, 174.2, 177.0, 179.0, 180.4, 181.1, 181.3, 181.5, 181.5, 181.4, 180.8, 179.7, 178.2, 176.1, 173.6, 170.6, 167.3, 163.7, 159.8, 155.6, 151.4, 147.0, 142.6, 138.2, 133.8, 129.4, 125.0, 120.7, 116.5, 112.4, 108.3, 104.3, 100.5, 96.8, 93.2, 89.7, 86.4, 83.3, 79.9, 73.3, 65.6, 57.6, 50.6, 47.8, 46.5, 45.6, 44.7, 43.6, 42.4, 41.1, 39.7, 38.2, 36.8, 35.4, 34.1, 33.1, 32.4, 32.2, 32.4, 33.2, 34.4, 36.3, 38.8, 41.8, 45.3, 49.4, 54.1, 59.2, 64.6, 70.3, 76.2, 82.2, 88.3, 94.4, 100.3, 106.1, 111.6, 116.9, 121.9, 126.4, 130.6, 134.4, 137.7, 140.5, 142.9, 144.7, 146.1, 146.9, 147.3, 147.3, 146.8, 145.9, 144.7, 143.1, 141.3, 139.2, 137.0, 134.5, 131.9, 129.2, 126.4, 123.5, 120.6, 117.6, 114.7, 111.7, 108.8, 105.9, 103.1, 100.3, 97.6, 95.0, 92.4, 89.9, 87.5, 85.2, 83.1, 81.1, 79.2, 77.5, 75.9, 74.4, 73.1, 71.9, 70.8, 69.8, 68.9, 68.1, 67.3, 66.7, 66.1, 65.6, 65.2, 64.8, 64.5, 64.3, 64.1, 64.1, 64.1, 64.1, 64.3, 64.6, 64.9, 65.4, 65.9, 66.6, 67.4, 68.2, 69.1, 70.2, 71.2, 72.4, 73.6, 74.9, 76.3, 77.7, 79.1, 80.7, 82.4, 84.1, 86.0, 88.0, 90.0, 92.2, 94.4, 96.6, 98.9, 101.1, 103.2, 105.2, 107.1, 108.8, 110.3, 111.7, 112.8, 113.7, 114.4, 114.9, 115.3, 115.5, 115.5, 115.5, 115.3, 115.0, 114.6, 114.1, 113.6, 111.5, 102.4, 89.2, 75.1, 61.8, 50.1, 41.8, 39.3, 41.4, 45.2, 49.3, 53.3, 57.5, 62.0, 67.1, 72.8, 79.2, 86.5, 94.5, 103.1, 112.0, 121.1, 130.0, 138.8, 147.2, 155.2, 162.5, 169.3, 175.3, 180.6, 185.1, 188.9, 191.9, 194.3, 196.4, 198.4, 200.0, 201.0, 201.4, 201.0, 200.0, 198.3, 196.0, 193.2, 190.0, 186.3, 182.3, 178.1, 173.7, 169.2, 164.5, 159.8, 155.1, 150.4, 145.7, 141.1, 136.6, 132.1, 127.8, 123.6, 119.5, 115.5, 111.7, 108.0, 104.5, 101.1, 97.9, 94.8, 91.8, 89.0, 86.3, 83.8, 81.6, 79.5, 77.5, 75.8, 74.2, 72.8, 71.5, 70.3, 69.3, 68.3, 67.5, 66.8, 66.2, 66.1, 66.4, 67.3, 68.9, 71.2, 74.2, 78.2, 83.0, 88.7, 95.0, 101.7, 108.7, 115.8, 122.9, 129.9, 136.7, 143.2, 149.3, 154.9, 160.1, 164.9, 169.6, 174.3, 178.7, 182.5, 185.7, 188.1, 189.7, 190.5, 190.5, 189.8, 188.4, 186.5, 184.0, 180.4, 173.1, 163.9, 154.1, 145.0, 139.8, 136.7, 134.3, 131.9, 129.2, 126.1, 122.9, 119.4, 115.8, 112.2, 108.5, 104.9, 101.3, 97.8, 94.4, 91.0, 87.9, 85.0, 82.6, 80.8, 79.8, 79.6, 80.3, 81.9, 84.4, 87.8, 91.9, 96.4, 101.1, 106.0, 110.8, 115.6, 120.1, 124.4, 128.3, 131.9, 135.0, 137.6, 139.8, 141.5, 142.6, 143.3, 143.5, 143.2, 142.6, 141.6, 140.2, 138.5, 136.6, 134.4, 132.1, 129.5, 126.8, 124.0, 121.1, 118.2, 115.1, 112.0, 108.9, 105.8, 102.7, 99.5, 96.4, 93.3, 90.3, 87.3, 84.4, 81.6, 79.0, 76.5, 74.1, 71.8, 69.6, 67.5, 65.3, 63.0, 60.5, 57.9, 55.3, 52.7, 50.2, 47.8, 45.6, 43.4, 41.4, 39.5, 37.6, 36.0, 34.4, 32.9, 31.5, 30.2, 28.9, 27.8, 26.8, 25.9, 25.1, 24.5, 24.0, 23.6, 23.3, 23.1, 23.1, 23.1, 23.2, 23.5, 23.8, 24.2, 24.7, 25.2, 25.9, 26.6, 27.4, 28.3, 29.2, 30.3, 31.4, 32.5, 33.7, 35.0, 36.3, 37.7, 39.2, 40.7, 42.2, 43.8, 45.5, 47.2, 48.9, 50.7, 52.6, 54.5, 56.5, 58.6, 60.8, 63.1, 65.5, 67.9, 70.5, 73.1, 75.7, 78.5, 81.4, 84.4, 87.5, 90.8, 94.2, 97.7, 101.3, 104.9, 108.6, 112.2, 115.7, 119.1, 122.3, 125.3, 128.0, 130.3, 132.3, 133.9, 135.1, 135.9, 136.2, 136.2, 134.3, 125.0, 110.7, 95.2, 80.2, 66.4, 55.2, 51.5, 52.9, 57.1, 62.7, 69.2, 76.6, 84.9, 93.8, 103.1, 112.3, 121.3, 129.8, 137.7, 144.9, 151.5, 157.3, 162.4, 166.6, 170.0, 172.7, 174.6, 175.7, 176.1, 175.8, 175.0, 173.5, 171.6, 169.2, 166.5, 163.4, 160.0, 156.4, 152.6, 148.7, 144.6, 140.5, 136.4, 132.2, 128.1, 124.0, 119.9, 116.0, 112.4, 109.5, 107.4, 105.8, 104.4, 103.1, 101.8, 100.4, 98.9, 97.4, 95.8, 94.2, 92.5, 90.7, 89.0, 87.3, 85.6, 84.0, 82.5, 81.0, 79.7, 78.5, 77.4, 76.6, 76.3, 76.7, 78.1, 80.5, 84.1, 88.9, 94.6, 101.0, 107.8, 114.9, 122.1, 129.2, 136.3, 143.1, 149.6, 155.7, 161.3, 166.5, 171.1, 175.1, 178.5, 181.3, 183.5, 185.0, 186.0, 186.3, 186.0, 185.1, 183.7, 181.8, 179.5, 176.8, 173.8, 170.4, 166.8, 163.0, 159.1, 155.0, 150.8, 146.5, 142.2, 137.9, 133.7, 129.4, 125.2, 121.1, 117.1, 113.2, 109.5, 106.4, 103.8, 101.8, 100.1, 98.5, 97.1, 95.6, 94.2, 92.6, 91.1, 89.5, 87.3, 82.0, 75.6, 69.1, 63.1, 60.8, 60.1, 59.7, 59.4, 59.1, 59.0, 59.4, 60.2, 61.9, 64.3, 67.6, 71.4, 75.7, 80.4, 85.5, 90.6, 95.9, 101.1, 106.1, 111.0, 115.7, 120.0, 124.0, 127.6, 130.8, 133.5, 135.7, 137.4, 138.7, 139.4, 139.7, 139.6, 139.1, 138.1, 136.9, 135.3, 133.4, 131.3, 128.9, 126.3, 123.6, 120.8, 117.8, 114.7, 111.6, 108.5, 105.3, 102.1, 99.0, 95.8, 92.8, 89.7, 86.8, 83.9, 81.2, 78.7, 76.3, 74.1, 71.9, 69.9, 67.9, 66.0, 64.0, 61.9, 59.7, 57.3, 54.9, 52.5, 50.1, 47.7, 45.5, 43.4, 41.4, 39.6, 37.8, 36.2, 34.8, 33.4, 32.3, 31.2, 30.4, 29.6, 29.0, 28.4, 28.1, 27.8, 27.6, 27.6, 27.6, 27.7, 28.0, 28.3, 28.7, 29.2, 29.8, 30.5, 31.3, 32.1, 33.0, 34.0, 35.0, 36.1, 37.3, 38.5, 39.8, 41.2, 42.6, 44.1, 45.6, 47.2, 48.8, 50.5, 52.2, 54.0, 55.9, 57.8, 59.9, 62.1, 64.4, 66.7, 69.2, 71.7, 74.3, 76.9, 79.7, 82.6, 85.6, 88.8, 92.1, 95.5, 99.0, 102.5, 106.1, 109.7, 113.2, 116.6, 119.8, 122.9, 125.6, 128.1, 130.2, 132.0, 133.3, 134.3, 134.8, 135.0, 134.7, 134.1, 133.2, 132.0, 128.8, 118.2, 102.8, 86.5, 71.0, 57.1, 47.0, 43.7, 45.9, 50.7, 56.7, 63.4, 70.6, 78.4, 86.3, 94.2, 101.7, 108.7, 115.0, 120.7, 125.7, 130.0, 133.6, 136.5, 138.8, 140.4, 141.3, 141.8, 141.7, 141.1, 140.1, 138.7, 137.0, 135.1, 132.9, 131.2, 130.3, 129.8, 129.6, 129.3, 128.9, 128.2, 127.3, 126.2, 124.8, 123.2, 121.4, 119.5, 117.5, 115.5, 113.3, 111.2, 109.1, 107.0, 105.0, 102.9, 101.0, 99.1, 97.3, 95.6, 94.0, 92.5, 91.0, 89.7, 88.5, 87.3, 86.3, 85.3, 84.5, 83.8, 83.1, 82.6, 82.1, 81.8, 81.7, 82.0, 82.8, 84.3, 86.7, 89.9, 94.0, 99.1, 105.0, 111.6, 118.6, 125.9, 133.2, 140.5, 147.6, 154.4, 160.8, 166.8, 172.2, 177.1, 181.3, 184.8, 187.7, 189.9, 191.3, 192.1, 192.1, 191.5, 190.2, 188.3, 185.9, 183.1, 179.8, 176.2, 172.3, 168.2, 163.9, 159.9, 156.5, 153.6, 150.9, 148.1, 145.3, 142.4, 139.4, 136.2, 132.9, 128.8, 121.1, 111.9, 102.5, 94.2, 90.3, 88.3, 87.0, 85.7, 84.2, 82.5, 80.7, 78.9, 77.0, 75.1, 73.4, 71.6, 70.0, 68.4, 66.9, 65.4, 64.0, 62.4, 60.8, 59.2, 57.4, 55.6, 53.9, 52.3, 50.9, 50.0, 49.6, 49.7, 50.5, 51.9, 54.1, 56.9, 60.4, 64.6, 69.2, 74.1, 79.3, 84.7, 90.3, 95.8, 101.3, 106.6, 111.7, 116.6, 121.2, 125.4, 129.2, 132.7, 135.7, 138.2, 140.3, 141.8, 142.9, 143.5, 143.7, 143.5, 142.8, 141.8, 140.5, 138.9, 137.1, 135.0, 132.8, 130.4, 127.9, 125.3, 122.6, 119.9, 117.1, 114.4, 111.6, 108.9, 106.2, 103.6, 101.0, 98.4, 96.0, 93.6, 91.3, 89.0, 86.9, 84.9, 83.0, 81.2, 79.6, 78.1, 76.8, 75.5, 74.5, 73.5, 72.6, 71.9, 71.2, 70.7, 70.2, 69.9, 69.6, 69.5, 69.4, 69.4, 69.5, 69.7, 70.0, 70.3, 70.8, 71.3, 71.9, 72.6, 73.3, 74.1, 74.9, 75.9, 76.8, 77.9, 79.0, 80.1, 81.4, 82.8, 84.2, 85.8, 87.5, 89.2, 91.1, 93.0, 95.0, 97.1, 99.1, 101.1, 103.1, 104.9, 106.6, 108.2, 109.6, 110.8, 111.8, 112.6, 113.3, 113.8, 114.1, 114.3, 114.4, 114.4, 114.2, 114.0, 113.7, 113.4, 113.0, 112.5, 112.1, 111.7, 111.2, 110.8, 110.4, 110.0, 109.7, 109.4, 109.1, 108.9, 108.8, 108.7, 108.7, 108.8, 107.3, 99.0, 86.7, 73.6, 61.5, 50.8, 43.0, 41.7, 44.7, 49.3, 54.0, 58.3, 62.1, 65.5, 68.6, 71.5, 74.4, 77.5, 80.8, 84.6, 89.0, 93.9, 99.6, 105.9, 112.8, 120.0, 127.4, 134.9, 142.1, 149.0, 155.5, 161.5, 166.8, 171.5, 175.5, 178.7, 181.2, 183.0, 184.1, 184.4, 184.1, 183.1, 181.5, 179.4, 176.9, 173.9, 170.7, 167.5, 165.0, 163.3, 161.9, 160.7, 159.3, 157.8, 155.9, 153.8, 151.4, 148.7, 145.8, 142.8, 139.6, 136.3, 133.0, 129.7, 126.4, 123.2, 120.0, 116.8, 113.8, 110.8, 108.0, 105.2, 102.6, 100.1, 97.7, 95.4, 93.3, 91.3, 89.4, 87.6, 85.9, 84.4, 83.1, 82.3, 81.9, 82.2, 83.3, 85.2, 87.9, 91.6, 96.1, 101.5, 107.8, 114.7, 122.2, 129.9, 137.7, 145.4, 152.9, 160.0, 166.6, 172.8, 178.3, 183.2, 187.4, 191.0, 193.8, 195.9, 197.3, 197.9, 197.9, 197.2, 196.0, 194.4, 193.0, 191.9, 190.8, 189.5, 187.8, 185.7, 183.2, 180.3, 177.1, 173.6, 169.7, 165.7, 161.5, 157.2, 152.9, 148.5, 144.0, 139.7, 135.3, 131.1, 126.9, 122.8, 118.8, 115.0, 110.8, 104.3, 96.0, 87.6, 80.0, 75.4, 73.2, 72.0, 71.1, 70.2, 69.2, 68.1, 67.0, 65.9, 65.1, 64.7, 65.0, 66.0, 68.0, 70.9, 74.7, 79.5, 85.3, 91.8, 98.8, 106.1, 113.5, 120.9, 128.1, 135.1, 141.8, 148.1, 153.9, 159.2, 163.9, 168.1, 171.7, 174.6, 176.9, 178.6, 179.6, 180.0, 179.8, 179.1, 177.8, 176.0, 173.7, 171.1, 168.1, 164.8, 161.2, 157.5, 153.5, 149.5, 145.3, 141.1, 136.8, 132.5, 128.2, 124.0, 119.8, 115.7, 111.6, 107.7, 103.8, 100.1, 96.4, 92.9, 89.5, 86.3, 83.2, 80.3, 77.7, 75.2, 72.8, 70.6, 68.5, 66.4, 64.3, 62.2, 59.9, 57.5, 55.0, 52.6, 50.3, 48.0, 45.9, 43.8, 41.9, 40.1, 38.4, 36.8, 35.3, 34.0, 32.9, 31.8, 31.0, 30.2, 29.6, 29.1, 28.7, 28.5, 28.3, 28.3, 28.3, 28.5, 28.8, 29.1, 29.6, 30.1, 30.7, 31.4, 32.2, 33.0, 34.0, 35.0, 36.1, 37.2, 38.4, 39.7, 41.0, 42.4, 43.8, 45.3, 46.9, 48.5, 50.2, 51.9, 53.7, 55.5, 57.5, 59.5, 61.7, 64.0, 66.3, 68.8, 71.3, 73.8, 76.5, 79.2, 82.1, 85.1, 88.2, 91.5, 94.9, 98.4, 101.9, 105.5, 109.0, 112.6, 114.6, 110.5, 102.3, 93.3, 85.5, 79.4, 76.4, 80.1, 88.9, 100.6, 113.6, 126.8, 140.1, 153.4, 166.5, 179.0, 190.7, 201.3, 210.8, 218.9, 225.8, 231.3, 235.6, 238.6, 240.4, 241.1, 240.7, 239.3, 237.0, 234.0, 230.2, 225.9, 221.1, 215.8, 210.3, 204.5, 198.5, 192.5, 186.4, 180.4, 174.5, 168.6, 162.8, 157.1, 151.5, 146.1, 141.1, 137.0, 133.8, 131.2, 128.9, 126.6, 124.3, 122.0, 119.5, 116.9, 114.3, 111.7, 109.0, 106.3, 103.7, 101.0, 98.5, 96.0, 93.5, 91.2, 88.9, 86.8, 84.8, 83.0, 81.5, 80.6, 80.1, 80.2, 81.0, 82.4, 84.5, 87.4, 91.0, 95.3, 100.1, 105.5, 111.0, 116.8, 122.5, 128.0, 133.4, 138.5, 143.2, 147.5, 151.4, 154.7, 157.5, 159.7, 161.3, 162.4, 162.9, 162.8, 162.2, 161.1, 159.5, 157.6, 155.3, 152.6, 149.7, 146.5, 143.1, 139.9, 137.4, 135.7, 134.3, 132.9, 131.5, 129.9, 128.1, 126.0, 123.6, 121.0, 118.2, 115.2, 112.1, 108.9, 105.6, 102.3, 98.9, 95.6, 92.2, 89.0, 85.8, 82.8, 79.9, 77.2, 74.6, 71.5, 65.1, 57.5, 49.7, 43.1, 40.4, 39.4, 38.9, 38.3, 37.5, 36.6, 35.5, 34.3, 33.1, 31.9, 30.6, 29.4, 28.3, 27.2, 26.1, 25.1, 24.2, 23.3, 22.5, 21.8, 21.2, 20.8, 20.5, 20.3, 20.2, 20.3, 20.8, 21.8, 23.4, 25.7, 28.7, 32.4, 36.9, 41.9, 47.5, 53.4, 59.7, 66.1, 72.7, 79.4, 86.2, 92.9, 99.6, 106.1, 112.4, 118.4, 124.0, 129.3, 134.1, 138.5, 142.4, 145.8, 148.7, 151.0, 152.7, 153.9, 154.6, 154.8, 154.4, 153.6, 152.4, 150.8, 148.9, 146.7, 144.2, 141.6, 138.7, 135.7, 132.6, 129.4, 126.1, 122.8, 119.6, 116.3, 113.0, 109.8, 106.6, 103.4, 100.4, 97.4, 94.5, 91.7, 89.0, 86.4, 84.0, 81.7, 79.5, 77.5, 75.7, 74.0, 72.5, 71.0, 69.7, 68.5, 67.4, 66.3, 65.3, 64.4, 63.4, 62.5, 61.6, 60.6, 59.7, 58.7, 57.7, 56.7, 55.7, 54.7, 53.8, 53.0, 52.3, 51.6, 51.0, 50.5, 50.1, 49.8, 49.7, 49.6, 49.6, 49.7, 49.9, 50.2, 50.6, 51.0, 51.6, 52.2, 53.0, 53.8, 54.7, 55.8, 56.9, 58.1, 59.5, 61.0, 62.6, 64.4, 66.3, 68.3, 70.4, 72.6, 74.8, 77.1, 79.5, 82.1, 84.7, 87.6, 90.5, 93.5, 96.7, 99.9, 101.8, 97.7, 90.0, 81.9, 75.0, 69.6, 66.5, 69.3, 76.1, 84.6, 93.2, 101.0, 107.7, 113.4, 118.0, 121.6, 124.2, 126.0, 127.5, 128.9, 130.5, 132.7, 135.5, 139.2, 143.6, 148.7, 154.3, 160.1, 165.9, 171.3, 176.4, 181.0, 184.9, 188.1, 190.6, 192.3, 193.3, 193.5, 193.0, 191.9, 190.2, 187.9, 185.1, 182.0, 178.5, 174.6, 170.6, 166.3, 161.9, 157.4, 152.9, 148.6, 145.0, 142.0, 139.5, 137.2, 135.0, 132.7, 130.3, 127.9, 125.3, 122.6, 119.9, 117.1, 114.3, 111.5, 108.7, 106.0, 103.3, 100.7, 98.1, 95.7, 93.4, 91.1, 89.0, 87.0, 85.2, 83.9, 83.3, 83.5, 84.6, 86.7, 89.8, 94.0, 99.2, 105.1, 111.5, 118.1, 124.9, 131.6, 138.2, 144.5, 150.5, 156.0, 161.1, 165.6, 169.5, 172.9, 175.6, 177.7, 179.1, 179.9, 180.1, 179.7, 178.7, 177.1, 175.1, 172.8, 170.4, 168.0, 165.7, 163.3, 160.7, 157.9, 154.8, 151.5, 147.9, 144.2, 140.4, 136.4, 132.3, 128.2, 124.1, 120.0, 115.9, 111.9, 108.0, 104.1, 100.4, 96.7, 93.2, 89.7, 86.5, 82.8, 76.1, 68.3, 60.2, 53.0, 49.8, 48.3, 47.2, 46.1, 45.0, 43.6, 42.2, 40.8, 39.7, 38.9, 38.8, 39.2, 40.2, 41.9, 44.3, 47.2, 50.4, 54.0, 57.8, 62.0, 66.4, 70.9, 75.5, 80.3, 85.0, 89.8, 94.5, 99.1, 103.5, 107.7, 111.7, 115.4, 118.9, 121.9, 124.7, 127.0, 128.9, 130.5, 131.6, 132.3, 132.7, 132.6, 132.2, 131.5, 130.5, 129.2, 127.7, 125.9, 123.9, 121.8, 119.5, 117.0, 114.5, 111.8, 109.1, 106.3, 103.4, 100.6, 97.7, 94.8, 91.9, 89.1, 86.3, 83.6, 81.0, 78.6, 76.2, 74.0, 71.9, 69.9, 67.9, 66.0, 64.0, 61.8, 59.5, 57.1, 54.6, 52.1, 49.6, 47.3, 45.0, 42.9, 40.9, 39.0, 37.3, 35.6, 34.1, 32.6, 31.4, 30.2, 29.2, 28.3, 27.6, 27.0, 26.5, 26.1, 25.8, 25.7, 25.6, 25.7, 25.8, 26.0, 26.4, 26.8, 27.3, 27.9, 28.5, 29.3, 30.1, 31.0, 31.9, 33.0, 34.1, 35.2, 36.4, 37.7, 39.1, 40.5, 41.9, 43.4, 45.0, 46.6, 48.2, 49.9, 51.7, 53.5, 55.4, 57.4, 59.5, 61.6, 63.9, 66.3, 68.8, 71.3, 73.9, 76.5, 79.3, 82.2, 85.2, 88.3, 91.6, 95.0, 98.5, 102.1, 105.7, 109.3, 112.9, 116.4, 119.7, 122.9, 124.3, 119.1, 109.5, 98.5, 88.5, 79.8, 73.3, 72.8, 76.4, 81.9, 87.5, 92.7, 97.2, 101.5, 105.7, 109.9, 114.2, 118.8, 123.9, 129.4, 135.4, 142.0, 149.0, 156.1, 163.2, 170.0, 176.3, 181.9, 186.9, 191.0, 194.4, 196.8, 198.5, 199.2, 199.2, 198.4, 196.9, 194.8, 192.1, 189.0, 185.4, 181.4, 177.2, 172.8, 168.2, 163.5, 158.8, 154.0, 149.2, 144.7, 140.9, 137.8, 135.4, 133.4, 131.5, 129.6, 127.6, 125.4, 123.1, 120.6, 118.0, 115.3, 112.6, 109.9, 107.2, 104.4, 101.8, 99.1, 96.6, 94.1, 91.7, 89.4, 87.2, 85.1, 83.2, 81.4, 79.8, 78.3, 76.9, 75.7, 74.7, 73.7, 72.9, 72.2, 71.6, 71.1, 70.7, 70.5, 70.4, 70.8, 71.6, 73.0, 75.2, 78.1, 82.0, 86.7, 92.5, 99.2, 106.7, 114.8, 123.3, 132.0, 140.7, 149.3, 157.5, 165.4, 172.8, 179.6, 185.9, 191.4, 196.3, 200.4, 203.9, 206.5, 208.4, 209.6, 210.0, 209.7, 208.7, 207.1, 205.0, 203.0, 201.7, 200.6, 199.5, 198.2, 196.5, 194.3, 191.8, 188.8, 185.4, 181.7, 177.8, 173.7, 169.4, 165.0, 160.5, 155.3, 146.6, 136.5, 126.2, 117.0, 112.1, 109.4, 107.3, 105.3, 103.2, 100.9, 98.4, 95.8, 93.2, 90.7, 88.2, 86.1, 84.4, 83.4, 83.0, 83.3, 84.5, 86.4, 89.1, 92.5, 96.3, 100.5, 104.9, 109.4, 113.8, 118.0, 122.0, 125.8, 129.2, 132.2, 134.8, 137.0, 138.7, 140.0, 140.8, 141.2, 141.1, 140.7, 139.9, 138.8, 137.5, 135.8, 133.9, 131.9, 129.6, 127.3, 124.8, 122.2, 119.6, 117.0, 114.3, 111.6, 108.9, 106.3, 103.7, 101.1, 98.6, 96.1, 93.7, 91.4, 89.2, 87.0, 85.0, 83.0, 81.2, 79.6, 78.0, 76.6, 75.4, 74.2, 73.1, 72.2, 71.4, 70.6, 70.0, 69.5, 69.1, 68.7, 68.4, 68.3, 68.2, 68.2, 68.3, 68.5, 68.7, 69.1, 69.5, 70.0, 70.6, 71.3, 72.0, 72.8, 73.7, 74.6, 75.6, 76.6, 77.7, 78.9, 80.1, 81.5, 82.9, 84.5, 86.1, 87.8, 89.7, 91.6, 93.6, 95.7, 97.8, 99.9, 101.9, 103.9, 105.8, 107.5, 109.1, 110.5, 111.7, 112.7, 113.5, 114.2, 114.6, 114.9, 115.1, 115.1, 114.9, 114.7, 114.4, 114.0, 113.6, 113.1, 112.5, 112.0, 111.4, 110.8, 110.3, 109.7, 109.2, 108.7, 108.3, 107.9, 107.5, 107.1, 106.8, 106.5, 106.3, 106.1, 104.3, 95.7, 83.4, 70.6, 59.4, 50.4, 45.0, 47.1, 54.4, 64.5, 76.1, 88.2, 100.2, 112.0, 123.2, 133.6, 143.1, 151.5, 158.8, 165.1, 170.4, 174.6, 177.8, 180.2, 181.6, 182.2, 182.1, 181.3, 179.8, 177.8, 175.3, 172.4, 169.2, 165.6, 161.8, 157.8, 153.6, 149.4, 145.4, 142.1, 139.5, 137.4, 135.6, 133.7, 131.8, 129.7, 127.5, 125.1, 122.6, 120.1, 117.4, 114.7, 112.0, 109.3, 106.6, 104.0, 101.4, 98.9, 96.4, 94.1, 91.8, 89.7, 87.7, 85.7, 83.9, 82.3, 80.8, 79.4, 78.2, 77.3, 76.8, 76.8, 77.6, 79.1, 81.5, 84.9, 89.4, 94.7, 100.7, 107.2, 114.0, 121.0, 127.9, 134.8, 141.4, 147.7, 153.5, 158.9, 163.8, 168.0, 171.7, 174.7, 177.0, 178.7, 179.7, 180.0, 179.7, 178.8, 177.4, 175.5, 173.1, 170.3, 167.2, 163.8, 160.1, 156.2, 152.1, 147.9, 143.6, 139.3, 134.9, 130.5, 126.1, 121.7, 117.4, 113.3, 109.5, 106.5, 104.0, 101.8, 99.8, 97.7, 95.7, 93.6, 91.5, 89.3, 87.1, 84.9, 82.8, 80.7, 78.8, 76.9, 75.1, 73.4, 71.8, 69.9, 65.7, 59.6, 53.0, 46.8, 43.4, 42.4, 42.1, 42.0, 41.7, 41.2, 40.5, 39.7, 38.8, 37.9, 37.1, 36.3, 35.6, 34.9, 34.4, 34.0, 33.7, 33.8, 34.2, 35.1, 36.5, 38.5, 41.0, 44.0, 47.6, 51.8, 56.6, 62.1, 67.9, 74.2, 80.8, 87.6, 94.5, 101.5, 108.3, 115.0, 121.5, 127.6, 133.5, 138.9, 143.9, 148.3, 152.3, 155.7, 158.5, 160.8, 162.5, 163.5, 164.0, 164.0, 163.4, 162.3, 160.8, 158.9, 156.7, 154.1, 151.3, 148.3, 145.0, 141.7, 138.2, 134.6, 131.0, 127.4, 123.7, 120.1, 116.5, 113.0, 109.5, 106.1, 102.7, 99.5, 96.4, 93.3, 90.4, 87.5, 84.9, 82.4, 80.1, 77.9, 75.9, 74.1, 72.4, 70.8, 69.4, 68.0, 66.7, 65.5, 64.4, 63.2, 62.0, 60.7, 59.5, 58.2, 56.8, 55.5, 54.1, 52.9, 51.6, 50.5, 49.5, 48.5, 47.7, 46.9, 46.3, 45.8, 45.4, 45.1, 45.0, 44.9, 44.9, 45.1, 45.3, 45.6, 46.0, 46.5, 47.1, 47.8, 48.6, 49.4, 50.3, 51.3, 52.4, 53.6, 54.8, 56.1, 57.6, 59.1, 60.8, 62.6, 64.5, 66.6, 68.7, 71.0, 73.3, 75.6, 78.1, 80.7, 83.4, 86.2, 89.2, 92.3, 95.5, 98.9, 102.3, 105.7, 109.1, 112.5, 114.4, 110.0, 101.5, 92.1, 83.7, 76.9, 72.3, 73.7, 79.3, 87.0, 95.3, 103.5, 111.5, 119.3, 127.1, 134.9, 142.5, 149.8, 156.5, 162.6, 168.0, 172.6, 176.4, 179.3, 181.4, 182.7, 183.2, 182.9, 182.0, 180.4, 178.3, 175.7, 172.7, 169.4, 165.7, 161.8, 157.7, 153.4, 149.0, 144.6, 140.5, 137.2, 134.7, 132.7, 131.0, 129.2, 127.4, 125.5, 123.4, 121.2, 118.8, 116.4, 113.8, 111.2, 108.6, 105.9, 103.3, 100.8, 98.2, 95.8, 93.4, 91.1, 89.0, 86.9, 84.9, 83.1, 81.4, 79.8, 78.5, 77.2, 76.1, 75.1, 74.5, 74.3, 74.8, 76.2, 78.7, 82.2, 87.0, 93.0, 99.8, 107.3, 115.2, 123.3, 131.5, 139.6, 147.4, 155.0, 162.1, 168.8, 174.9, 180.4, 185.2, 189.4, 192.9, 195.6, 197.7, 198.9, 199.5, 199.3, 198.5, 197.0, 194.9, 192.3, 189.2, 185.6, 181.7, 177.5, 172.9, 168.2, 163.3, 158.2, 152.9, 147.7, 142.6, 138.0, 133.9, 130.2, 126.7, 123.2, 119.7, 116.2, 112.6, 109.0, 105.4, 101.7, 98.0, 94.4, 90.7, 87.1, 83.7, 80.0, 74.0, 66.2, 58.2, 50.9, 46.6, 44.6, 43.5, 42.4, 41.3, 40.2, 39.2, 38.5, 38.2, 38.4, 39.1, 40.4, 42.3, 44.6, 47.2, 50.0, 52.8, 55.7, 58.6, 61.5, 64.7, 67.9, 71.1, 74.3, 77.6, 80.9, 84.2, 87.5, 90.8, 94.1, 97.3, 100.4, 103.5, 106.5, 109.4, 112.1, 114.7, 117.1, 119.3, 121.3, 123.0, 124.4, 125.5, 126.3, 126.9, 127.2, 127.2, 127.0, 126.5, 125.8, 125.0, 123.9, 122.8, 121.5, 120.1, 118.6, 117.0, 115.4, 113.7, 112.1, 110.4, 108.7, 107.0, 105.4, 103.8, 102.2, 100.6, 99.2, 97.7, 96.3, 95.0, 93.8, 92.6, 91.5, 90.5, 89.6, 88.7, 87.9, 87.2, 86.6, 86.1, 85.7, 85.3, 85.0, 84.8, 84.8, 84.8, 84.8, 85.0, 85.3, 85.6, 86.1, 86.6, 87.3, 88.0, 88.8, 89.7, 90.7, 91.9, 93.1, 94.4, 95.7, 97.2, 98.7, 100.3, 101.8, 103.4, 104.8, 106.2, 107.5, 108.6, 109.6, 110.5, 111.2, 111.8, 112.3, 112.6, 112.9, 113.0, 113.1, 113.1, 113.0, 112.9, 112.7, 112.6, 112.4, 112.1, 111.9, 111.7, 111.4, 111.2, 111.0, 110.8, 110.7, 110.5, 110.4, 110.3, 110.2, 110.1, 110.1, 110.1, 110.0, 110.0, 110.0, 110.0, 110.0, 110.1, 110.1, 110.1, 110.1, 110.3, 110.8, 110.4, 103.8, 94.0, 84.4, 76.8, 71.5, 69.6, 75.3, 86.8, 101.3, 117.0, 132.4, 147.0, 160.6, 173.0, 184.0, 193.5, 201.5, 208.1, 213.2, 217.0, 219.6, 221.0, 221.4, 220.8, 219.3, 217.1, 214.1, 210.6, 206.5, 202.1, 197.3, 192.2, 186.9, 181.5, 175.9, 170.4, 164.8, 159.2, 153.6, 148.2, 142.8, 137.6, 132.4, 127.4, 122.5, 117.8, 113.2, 108.7, 104.4, 100.3, 96.3, 92.5, 89.1, 86.3, 84.1, 82.3, 80.9, 79.5, 78.3, 77.1, 76.0, 74.8, 73.7, 72.7, 71.6, 70.6, 69.7, 68.8, 67.9, 67.1, 66.4, 65.7, 65.0, 64.4, 63.8, 63.2, 62.7, 62.2, 61.8, 61.4, 61.1, 61.2, 61.8, 63.0, 65.0, 67.8, 71.4, 76.0, 81.6, 88.2, 95.7, 103.9, 112.5, 121.4, 130.3, 139.2, 147.9, 156.3, 164.2, 171.6, 178.5, 184.7, 190.3, 195.1, 199.3, 202.6, 205.3, 207.2, 208.3, 208.7, 208.4, 207.6, 206.6, 205.6, 204.6, 203.4, 201.8, 199.8, 197.4, 194.4, 191.1, 187.4, 183.3, 179.1, 173.9, 164.9, 154.4, 143.5, 133.5, 127.9, 124.5, 121.7, 119.0, 116.2, 113.1, 109.9, 106.6, 103.2, 99.8, 96.4, 93.1, 89.9, 86.8, 83.9, 81.2, 78.6, 76.3, 74.1, 72.1, 70.2, 68.5, 66.8, 65.1, 63.4, 61.7, 59.9, 58.1, 56.2, 54.3, 52.5, 51.1, 50.1, 49.7, 50.0, 51.0, 52.6, 55.1, 58.3, 62.2, 66.5, 71.2, 76.1, 81.3, 86.5, 91.8, 96.9, 101.8, 106.5, 110.9, 115.0, 118.7, 121.9, 124.7, 127.1, 128.9, 130.3, 131.3, 131.8, 132.0, 131.7, 131.1, 130.2, 129.1, 127.7, 126.1, 124.3, 122.3, 120.3, 118.1, 115.9, 113.6, 111.3, 108.9, 106.6, 104.2, 101.9, 99.6, 97.4, 95.2, 93.1, 91.0, 89.0, 87.0, 85.2, 83.5, 81.8, 80.4, 79.0, 77.7, 76.6, 75.6, 74.7, 73.9, 73.2, 72.6, 72.1, 71.7, 71.4, 71.2, 71.1, 71.1, 71.2, 71.3, 71.5, 71.8, 72.2, 72.7, 73.2, 73.8, 74.5, 75.2, 76.0, 76.9, 77.8, 78.8, 79.8, 80.9, 82.2, 83.5, 84.9, 86.5, 88.1, 89.8, 91.6, 93.5, 95.5, 97.4, 99.4, 101.4, 103.3, 105.1, 106.8, 108.3, 109.6, 110.8, 111.8, 112.6, 113.2, 113.7, 114.0, 114.1, 114.1, 114.0, 113.7, 113.4, 112.9, 112.3, 111.6, 110.8, 109.9, 109.0, 108.0, 107.0, 105.9, 104.8, 103.9, 103.4, 101.9, 94.4, 83.8, 73.3, 64.4, 57.7, 53.9, 57.3, 65.3, 75.5, 86.4, 96.8, 106.6, 115.6, 123.6, 130.5, 136.4, 141.1, 144.7, 147.4, 149.2, 150.2, 150.4, 150.1, 149.2, 147.8, 146.1, 143.9, 141.5, 138.9, 136.0, 133.0, 129.9, 126.7, 123.4, 120.3, 117.6, 115.4, 113.6, 112.2, 110.9, 109.6, 108.2, 106.7, 105.2, 103.6, 101.9, 100.1, 98.3, 96.6, 94.8, 93.0, 91.2, 89.5, 87.9, 86.3, 84.8, 83.4, 82.1, 80.9, 79.9, 79.0, 78.1, 77.4, 76.8, 76.3, 76.0, 75.7, 75.5, 75.4, 75.4, 75.5, 75.7, 76.0, 76.3, 76.8, 77.3, 77.8, 78.5, 79.2, 80.0, 80.9, 81.8, 82.9, 84.1, 85.3, 86.6, 88.0, 89.5, 91.1, 92.8, 94.6, 96.5, 98.9, 102.1, 106.2, 111.3, 117.6, 125.2, 134.0, 143.9, 154.4, 165.4, 176.4, 187.2, 197.5, 207.2, 216.1, 224.1, 231.1, 237.1, 241.9, 245.7, 248.3, 249.8, 250.2, 249.7, 248.1, 245.7, 243.0, 240.4, 238.1, 235.9, 233.5, 230.7, 227.4, 223.7, 219.5, 214.9, 209.9, 204.7, 199.3, 193.7, 187.3, 177.6, 166.1, 154.3, 143.4, 136.5, 132.1, 128.6, 125.4, 122.2, 118.8, 115.3, 111.7, 108.1, 104.6, 101.1, 97.7, 94.3, 91.1, 88.1, 85.2, 82.4, 79.9, 77.5, 75.3, 73.3, 71.4, 69.8, 68.7, 68.1, 68.3, 69.3, 71.2, 73.9, 77.3, 81.2, 85.5, 90.0, 94.6, 99.3, 103.8, 108.3, 112.5, 116.5, 120.2, 123.6, 126.6, 129.1, 131.3, 133.0, 134.3, 135.2, 135.6, 135.7, 135.4, 134.8, 133.9, 132.8, 131.4, 129.8, 128.0, 126.0, 124.0, 121.8, 119.6, 117.3, 115.0, 112.7, 110.3, 108.0, 105.7, 103.5, 101.2, 99.1, 96.9, 94.9, 92.9, 91.0, 89.2, 87.4, 85.7, 84.1, 82.7, 81.3, 80.1, 79.0, 78.1, 77.2, 76.4, 75.8, 75.2, 74.8, 74.4, 74.2, 74.0, 74.0, 74.0, 74.1, 74.3, 74.5, 74.9, 75.3, 75.8, 76.4, 77.0, 77.7, 78.4, 79.3, 80.2, 81.2, 82.2, 83.4, 84.7, 86.1, 87.5, 89.1, 90.8, 92.6, 94.4, 96.3, 98.2, 100.1, 102.0, 103.8, 105.6, 107.1, 108.6, 109.8, 110.9, 111.9, 112.6, 113.2, 113.7, 114.0, 114.2, 114.2, 114.2, 114.1, 113.9, 113.6, 113.3, 113.0, 112.6, 112.3, 111.9, 111.6, 111.2, 110.9, 110.6, 110.4, 110.2, 110.0, 109.9, 109.8, 109.8, 108.2, 99.8, 87.3, 74.1, 61.9, 51.1, 43.3, 41.9, 45.1, 50.3, 56.6, 63.3, 70.8, 79.2, 88.6, 98.9, 109.6, 120.6, 131.4, 142.0, 152.1, 161.6, 170.5, 178.6, 185.8, 192.3, 197.8, 202.4, 206.1, 208.9, 210.8, 211.9, 212.0, 211.4, 210.1, 208.1, 205.5, 202.3, 198.7, 194.7, 190.4, 185.8, 181.0, 176.0, 171.0, 165.9, 160.7, 155.8, 151.5, 147.7, 144.3, 141.1, 138.0, 134.9, 131.7, 128.6, 125.3, 122.1, 118.9, 115.6, 112.4, 109.3, 106.2, 103.2, 100.2, 97.4, 94.6, 92.0, 89.5, 87.1, 84.8, 82.7, 80.8, 79.0, 77.4, 76.0, 74.6, 73.5, 72.5, 71.7, 71.4, 71.7, 72.7, 74.6, 77.4, 81.3, 86.2, 92.1, 98.7, 105.9, 113.4, 121.1, 128.8, 136.3, 143.6, 150.6, 157.1, 163.1, 168.6, 173.4, 177.6, 181.2, 184.0, 186.1, 187.5, 188.2, 188.4, 188.3, 188.4, 188.5, 188.2, 187.6, 186.5, 184.8, 182.6, 179.9, 176.8, 173.3, 169.5, 165.4, 160.5, 151.9, 141.7, 131.2, 121.5, 116.0, 112.5, 109.7, 107.0, 104.2, 101.2, 98.0, 94.7, 91.3, 88.0, 84.7, 81.6, 78.7, 75.9, 73.2, 70.8, 68.8, 67.1, 65.9, 65.3, 65.4, 66.1, 67.6, 69.8, 72.8, 76.3, 80.4, 84.9, 89.5, 94.3, 99.2, 103.9, 108.4, 112.8, 116.9, 120.6, 124.0, 127.0, 129.6, 131.7, 133.4, 134.6, 135.4, 135.8, 135.8, 135.4, 134.6, 133.5, 132.2, 130.5, 128.7, 126.6, 124.4, 122.1, 119.6, 117.1, 114.5, 111.8, 109.1, 106.4, 103.8, 101.1, 98.5, 95.9, 93.3, 90.9, 88.4, 86.1, 83.9, 81.8, 79.8, 78.0, 76.3, 74.7, 73.3, 71.9, 70.7, 69.5, 68.5, 67.5, 66.6, 65.8, 65.0, 64.3, 63.6, 62.9, 62.2, 61.6, 61.0, 60.3, 59.7, 59.1, 58.5, 58.0, 57.4, 57.0, 56.5, 56.2, 55.9, 55.6, 55.5, 55.4, 55.4, 55.5, 55.6, 55.9, 56.3, 56.8, 57.3, 58.0, 58.8, 59.8, 60.9, 62.1, 63.5, 65.0, 66.6, 68.4, 70.2, 72.2, 74.2, 76.2, 78.4, 80.7, 83.1, 85.6, 88.2, 91.0, 93.9, 96.8, 99.9, 103.0, 106.0, 109.1, 112.1, 114.9, 117.6, 120.0, 122.2, 124.1, 125.6, 126.8, 127.7, 128.2, 128.4, 128.2, 127.8, 127.1, 126.2, 125.1, 123.8, 122.4, 120.8, 119.1, 117.4, 115.6, 113.7, 111.9, 110.0, 108.1, 106.3, 104.5, 102.7, 99.3, 89.1, 74.7, 59.6, 47.8, 39.4, 33.6, 30.8, 32.4, 35.7, 39.2, 42.3, 45.2, 47.9, 50.7, 53.7, 56.9, 60.6, 64.8, 69.6, 75.1, 81.2, 88.0, 95.2, 102.6, 110.0, 117.5, 124.8, 131.8, 138.5, 144.7, 150.5, 155.7, 160.4, 164.4, 167.8, 170.5, 172.6, 174.0, 174.7, 174.8, 174.4, 174.1, 174.3, 174.9, 175.3, 175.6, 175.4, 174.7, 173.6, 172.0, 169.9, 167.5, 164.8, 161.9, 158.7, 155.3, 151.9, 148.4, 144.8, 141.2, 137.7, 134.2, 130.8, 127.4, 124.1, 121.0, 117.9, 115.0, 112.1, 109.4, 106.8, 104.3, 102.0, 99.8, 97.8, 96.2, 95.2, 94.9, 95.3, 96.6, 98.7, 101.8, 105.7, 110.4, 115.9, 121.9, 128.2, 134.7, 141.1, 147.3, 153.2, 158.8, 163.9, 168.5, 172.5, 175.9, 178.7, 180.9, 182.4, 183.2, 183.5, 183.1, 182.2, 180.7, 178.7, 176.3, 173.5, 170.3, 166.9, 163.2, 159.4, 155.3, 151.2, 146.9, 142.6, 138.3, 133.9, 129.6, 125.5, 121.7, 118.0, 111.3, 103.5, 95.8, 89.1, 86.5, 85.7, 85.3, 84.9, 84.1, 83.1, 81.8, 80.3, 78.8, 77.2, 75.7, 74.1, 72.6, 71.2, 69.8, 68.5, 67.3, 66.2, 65.3, 64.7, 64.6, 64.9, 65.7, 67.2, 69.2, 71.8, 75.1, 78.9, 83.4, 88.3, 93.5, 98.9, 104.3, 109.8, 115.1, 120.2, 125.0, 129.6, 133.7, 137.5, 140.7, 143.5, 145.8, 147.5, 148.7, 149.4, 149.6, 149.3, 148.6, 147.5, 146.0, 144.2, 142.1, 139.7, 137.1, 134.3, 131.3, 128.2, 125.0, 121.7, 118.3, 114.9, 111.4, 108.0, 104.5, 101.0, 97.6, 94.1, 90.8, 87.5, 84.3, 81.3, 78.5, 75.7, 73.2, 70.7, 68.3, 65.9, 63.3, 60.6, 57.8, 55.0, 52.2, 49.6, 47.1, 44.7, 42.4, 40.3, 38.3, 36.5, 34.8, 33.1, 31.6, 30.2, 28.9, 27.6, 26.5, 25.4, 24.4, 23.6, 22.8, 22.2, 21.8, 21.4, 21.2, 21.0, 21.0, 21.1, 21.2, 21.5, 21.8, 22.3, 22.8, 23.4, 24.1, 24.8, 25.7, 26.6, 27.5, 28.6, 29.7, 30.9, 32.1, 33.4, 34.8, 36.2, 37.6, 39.2, 40.7, 42.4, 44.0, 45.8, 47.5, 49.4, 51.2, 53.1, 55.1, 57.2, 59.3, 61.6, 64.0, 66.4, 68.9, 71.5, 74.1, 76.9, 79.7, 82.7, 85.8, 89.0, 92.3, 95.8, 99.4, 103.0, 106.6, 110.2, 113.8, 117.3, 120.6, 123.7, 126.6, 129.3, 130.1, 124.1, 113.3, 101.2, 89.8, 79.7, 71.7, 69.8, 72.1, 76.3, 80.9, 85.0, 88.3, 90.9, 92.8, 94.0, 94.5, 94.3, 93.6, 92.5, 91.2, 90.0, 89.4, 89.5, 90.5, 92.6, 95.8, 100.0, 105.0, 110.4, 116.2, 122.0, 127.8, 133.3, 138.5, 143.7, 149.3, 155.3, 161.3, 166.9, 171.9, 176.1, 179.4, 181.8, 183.3, 184.0, 184.0, 183.3, 181.9, 180.1, 177.9, 175.2, 172.3, 169.1, 165.8, 162.3, 158.7, 155.0, 151.3, 147.6, 143.9, 140.3, 136.7, 133.1, 129.7, 126.3, 123.1, 119.9, 116.8, 113.9, 111.1, 108.4, 105.8, 103.4, 101.0, 98.8, 96.7, 94.8, 92.9, 91.2, 89.6, 88.1, 86.8, 85.9, 85.4, 85.6, 86.4, 87.8, 90.1, 93.1, 96.8, 101.3, 106.3, 111.8, 117.6, 123.4, 129.1, 134.6, 139.8, 144.6, 149.0, 152.8, 156.1, 158.7, 160.7, 162.1, 162.9, 163.0, 162.6, 161.7, 160.3, 158.4, 156.2, 153.6, 150.7, 147.5, 144.2, 140.7, 137.1, 133.4, 129.6, 126.0, 122.9, 120.3, 118.2, 116.4, 114.7, 113.1, 111.3, 109.5, 106.9, 100.9, 93.6, 86.2, 79.8, 77.2, 76.3, 76.0, 75.7, 75.2, 74.5, 73.7, 72.8, 71.8, 70.7, 69.7, 68.7, 67.8, 66.9, 66.0, 65.2, 64.4, 63.6, 62.9, 62.1, 61.4, 60.7, 60.0, 59.4, 59.1, 59.3, 60.2, 61.9, 64.5, 68.1, 72.5, 77.7, 83.4, 89.6, 96.1, 102.6, 109.2, 115.7, 121.9, 127.9, 133.5, 138.7, 143.4, 147.6, 151.2, 154.2, 156.6, 158.4, 159.5, 160.1, 160.0, 159.4, 158.3, 156.7, 154.6, 152.2, 149.5, 146.4, 143.1, 139.5, 135.8, 132.0, 128.0, 123.9, 119.8, 115.7, 111.6, 107.5, 103.4, 99.4, 95.5, 91.6, 87.9, 84.3, 81.0, 77.8, 74.8, 71.9, 69.1, 66.4, 63.5, 60.5, 57.5, 54.6, 51.8, 49.1, 46.5, 44.1, 41.8, 39.7, 37.7, 35.8, 34.1, 32.4, 30.9, 29.5, 28.2, 27.0, 25.8, 24.8, 23.8, 22.8, 22.0, 21.2, 20.6, 20.2, 19.8, 19.6, 19.5, 19.4, 19.5, 19.7, 20.0, 20.3, 20.8, 21.3, 21.9, 22.6, 23.4, 24.2, 25.1, 26.1, 27.2, 28.3, 29.5, 30.8, 32.1, 33.5, 34.9, 36.4, 37.9, 39.5, 41.2, 42.9, 44.6, 46.4, 48.2, 50.1, 52.0, 54.0, 56.1, 58.2, 60.5, 62.8, 65.3, 67.8, 70.4, 73.0, 75.7, 78.5, 81.6, 85.3

Insulin Readings (mU/minute, every 5 minutes): 4397 readings
  Values: 3.0E-05, 3.8E-05, 4.9E-06, 1.1E-08, 4.4E-06, 3.5E-07, 1.6E-07, 2.0E-07, 1.6E-06, 9.4E+01, 7.9E+01, 1.9E+01, 1.9E+01, 1.9E+01, 6.0E+01, 6.7E+00, 9.4E+00, 1.0E+01, 1.9E+01, 8.1E+00, 7.2E+00, 1.9E+01, 9.4E+00, 1.4E+01, 1.3E+01, 1.4E+01, 1.6E+01, 1.5E+01, 1.6E+01, 8.0E-08, 3.0E-10, 1.4E-08, 1.4E-07, 1.8E-15, 2.4E-10, 3.8E-11, 2.1E-07, 1.2E-08, 1.0E+02, 8.1E+01, 6.8E+00, 2.0E+01, 5.0E+00, 9.8E+00, 1.1E+01, 1.2E+01, 1.4E+01, 1.3E+01, 1.4E+01, 1.4E+01, 1.4E+01, 1.5E+01, 1.4E+01, 1.4E+01, 1.5E+01, 1.5E+01, 1.4E+01, 1.6E+01, 1.6E+01, 1.4E+01, 1.5E+01, 1.7E+01, 1.4E+01, 1.6E+01, 1.4E+01, 1.6E+01, 1.6E+01, 1.6E+01, 1.5E+01, 1.6E+01, 1.5E+01, 1.5E+01, 1.7E+01, 1.4E+01, 1.6E+01, 1.4E+01, 1.6E+01, 1.6E+01, 1.0E+02, 1.0E+02, 1.0E+02, 1.2E-07, 1.2E-07, 1.2E-07, 1.2E-07, 1.1E-07, 1.1E-07, 1.0E-07, 1.0E-07, 1.0E-07, 1.0E-07, 9.7E-08, 9.6E-08, 1.8E-07, 1.9E-07, 1.0E+02, 1.0E+02, 1.0E+02, 1.0E+02, 1.0E+02, 1.0E+02, 1.0E+02, 1.0E+02, 1.0E+02, 1.0E+02, 1.0E+02, 1.0E+02, 1.0E+02, 1.0E+02, 1.0E+02, 1.0E+02, 1.0E+02, 1.0E+02, 1.0E+02, 1.0E+02, 6.5E+01, 9.4E-08, 4.7E-08, 3.5E-08, 2.9E-08, 2.5E-08, 2.2E-08, 2.1E-08, 2.0E-08, 1.9E-08, 1.9E-08, 1.8E-08, 1.8E-08, 1.8E-08, 1.9E-08, 1.9E-08, 2.1E-08, 2.5E-08, 2.8E-08, 2.6E-08, 2.8E-08, 3.0E-08, 3.3E-08, 3.6E-08, 3.9E-08, 4.2E-08, 4.4E-08, 4.6E-08, 4.8E-08, 5.0E-08, 5.2E-08, 5.5E-08, 5.9E-08, 6.1E-08, 6.4E-08, 6.6E-08, 6.9E-08, 7.1E-08, 7.3E-08, 7.5E-08, 2.0E-07, 2.1E-07, 2.2E-07, 2.6E-07, 1.9E-07, 2.2E-07, 1.2E+02, 1.2E+02, 1.2E+02, 1.2E+02, 1.2E+02, 1.2E+02, 1.2E+02, 1.2E+02, 1.2E+02, 1.2E+02, 1.2E+02, 1.2E+02, 1.2E+02, 1.2E+02, 1.2E+02, 1.2E+02, 1.2E+02, 1.2E+02, 1.2E+02, 1.9E+01, 1.9E+01, 1.9E+01, 1.9E+01, 1.9E+01, 2.2E-06, 8.6E-07, 6.2E-07, 5.2E-07, 4.7E-07, 4.4E-07, 4.0E-07, 6.4E-07, 1.3E-06, 2.6E-06, 3.5E-06, 2.6E-08, 2.3E-08, 2.5E-08, 2.7E-08, 2.9E-08, 3.1E-08, 3.3E-08, 3.5E-08, 3.6E-08, 3.8E-08, 3.9E-08, 4.0E-08, 4.1E-08, 4.2E-08, 4.3E-08, 4.4E-08, 4.7E-08, 4.8E-08, 5.0E-08, 5.2E-08, 5.4E-08, 7.7E-08, 7.9E-08, 8.2E-08, 8.4E-08, 8.6E-08, 8.6E-08, 8.6E-08, 8.7E-08, 8.7E-08, 8.8E-08, 8.9E-08, 8.9E-08, 9.0E-08, 9.1E-08, 9.2E-08, 1.0E-07, 1.5E-07, 1.4E-07, 1.8E-07, 2.1E-07, 1.7E-07, 5.0E-07, 7.5E-07, 1.6E-07, 4.7E-07, 9.1E+01, 1.0E+02, 1.0E+02, 1.0E+02, 1.0E+02, 1.0E+02, 1.0E+02, 1.0E+02, 1.0E+02, 1.0E+02, 1.0E+02, 1.0E+02, 1.0E+02, 1.0E+02, 1.0E+02, 1.0E+02, 1.0E+02, 1.0E+02, 1.0E+02, 2.9E-06, 4.3E-07, 1.9E-07, 1.3E-07, 9.9E-08, 8.2E-08, 7.2E-08, 6.5E-08, 6.0E-08, 5.7E-08, 5.4E-08, 5.2E-08, 5.1E-08, 5.0E-08, 4.9E-08, 4.9E-08, 4.9E-08, 4.9E-08, 5.0E-08, 5.0E-08, 5.1E-08, 5.2E-08, 5.4E-08, 5.5E-08, 5.6E-08, 5.8E-08, 5.9E-08, 6.1E-08, 6.2E-08, 6.3E-08, 6.5E-08, 6.6E-08, 6.7E-08, 6.8E-08, 7.0E-08, 7.1E-08, 9.3E-08, 9.5E-08, 9.7E-08, 9.9E-08, 1.0E-07, 1.0E-07, 1.0E-07, 3.2E-07, 3.4E-07, 3.9E-07, 4.3E-07, 5.0E-07, 5.3E-07, 5.1E-07, 5.2E-07, 5.4E-07, 5.5E-07, 5.6E-07, 5.8E-07, 6.1E-07, 4.4E-07, 4.9E-07, 5.2E-07, 5.2E-07, 5.3E-07, 4.8E-07, 1.4E-07, 1.4E-07, 1.5E-07, 1.9E-07, 2.4E-07, 2.2E-07, 2.4E-07, 2.7E-07, 6.1E-07, 5.4E-07, 3.5E-07, 3.2E-07, 3.7E-07, 4.3E-07, 1.2E+02, 1.2E+02, 1.2E+02, 1.2E+02, 1.2E+02, 1.2E+02, 1.2E+02, 1.2E+02, 1.6E-06, 5.2E-07, 9.0E-07, 8.7E-07, 9.6E-07, 6.5E-08, 8.7E-08, 6.0E-08, 6.3E-08, 7.7E-08, 7.9E-08, 1.1E-07, 1.7E-07, 2.9E-07, 5.7E-07, 1.3E-06, 1.1E-07, 2.1E-07, 9.1E-08, 5.4E-08, 6.2E-08, 8.0E+01, 1.2E+02, 2.1E-07, 1.2E-07, 1.2E-07, 1.4E-07, 1.3E-07, 1.2E-07, 1.1E-07, 1.8E-07, 5.7E-07, 8.9E-07, 1.0E+02, 1.0E+02, 1.0E+02, 1.0E+02, 1.0E+02, 1.0E+02, 1.0E+02, 1.0E+02, 1.0E+02, 1.0E+02, 1.0E+02, 1.0E+02, 1.0E+02, 1.0E+02, 1.0E+02, 1.0E+02, 1.0E+02, 1.0E+02, 1.0E+02, 9.4E+01, 1.2E-07, 5.9E-08, 4.1E-08, 3.4E-08, 2.9E-08, 2.7E-08, 2.5E-08, 2.4E-08, 2.4E-08, 2.3E-08, 2.3E-08, 2.3E-08, 2.3E-08, 2.4E-08, 2.5E-08, 2.9E-08, 3.3E-08, 3.7E-08, 4.0E-08, 3.5E-08, 3.8E-08, 3.9E-08, 4.1E-08, 4.3E-08, 4.4E-08, 4.6E-08, 4.7E-08, 4.8E-08, 5.0E-08, 5.1E-08, 5.2E-08, 5.5E-08, 5.7E-08, 5.9E-08, 6.1E-08, 6.3E-08, 6.5E-08, 6.7E-08, 6.8E-08, 7.0E-08, 7.2E-08, 9.5E-08, 9.7E-08, 9.9E-08, 1.0E-07, 1.0E-07, 1.0E-07, 1.1E-07, 1.1E-07, 1.3E-07, 1.1E-07, 1.7E-07, 3.6E-07, 5.6E-07, 5.0E-07, 9.7E+00, 1.0E+02, 1.0E+02, 1.0E+02, 1.0E+02, 1.0E+02, 1.0E+02, 1.0E+02, 1.0E+02, 1.2E+02, 1.2E+02, 1.2E+02, 1.2E+02, 1.2E+02, 1.2E+02, 1.2E+02, 1.2E+02, 1.2E+02, 1.0E+02, 1.0E+02, 8.3E+01, 2.0E-07, 8.6E-08, 5.8E-08, 4.5E-08, 3.7E-08, 3.3E-08, 3.0E-08, 2.8E-08, 2.6E-08, 2.5E-08, 2.5E-08, 2.5E-08, 3.0E-08, 3.5E-08, 3.2E-08, 3.2E-08, 3.2E-08, 3.3E-08, 3.4E-08, 3.5E-08, 3.6E-08, 3.7E-08, 3.9E-08, 4.0E-08, 4.1E-08, 4.3E-08, 4.4E-08, 4.5E-08, 4.6E-08, 4.7E-08, 4.8E-08, 4.8E-08, 7.0E-08, 9.3E-08, 1.9E-07, 2.9E-07, 1.1E-07, 1.0E+02, 1.0E+02, 1.0E+02, 1.0E+02, 1.2E+02, 1.2E+02, 1.2E+02, 1.2E+02, 1.2E+02, 1.2E+02, 1.2E+02, 1.2E+02, 1.2E+02, 1.2E+02, 1.2E-06, 4.5E-07, 2.9E-07, 3.2E-07, 6.6E-07, 8.2E-07, 9.7E-07, 1.2E-07, 6.8E-07, 1.9E+01, 1.9E+01, 1.9E+01, 1.9E+01, 1.9E+01, 1.9E+01, 1.9E+01, 1.9E+01, 1.9E+01, 1.9E+01, 1.9E+01, 1.9E+01, 1.9E+01, 1.9E+01, 3.9E-08, 4.0E-08, 4.1E-08, 4.2E-08, 4.3E-08, 4.4E-08, 4.4E-08, 4.5E-08, 4.7E-08, 4.8E-08, 6.6E-08, 6.8E-08, 7.0E-08, 7.2E-08, 7.3E-08, 7.5E-08, 7.6E-08, 7.7E-08, 7.9E-08, 8.0E-08, 8.1E-08, 8.3E-08, 8.4E-08, 8.6E-08, 8.7E-08, 8.9E-08, 9.0E-08, 9.1E-08, 9.3E-08, 9.4E-08, 9.5E-08, 9.6E-08, 9.7E-08, 9.8E-08, 9.9E-08, 1.2E-07, 1.2E-07, 1.3E-07, 1.0E-07, 1.0E-07, 1.0E-07, 1.0E-07, 1.1E-07, 1.1E-07, 1.2E-07, 1.2E-07, 1.2E-07, 1.2E-07, 1.3E-07, 1.3E-07, 1.3E-07, 1.3E-07, 1.4E-07, 1.6E-07, 1.9E-07, 2.1E-07, 2.3E-07, 2.4E-07, 2.5E-07, 2.4E-07, 2.7E-07, 3.0E-07, 3.4E-07, 4.1E-07, 2.7E-07, 2.9E-07, 3.4E-07, 3.4E-07, 3.3E-07, 6.8E-07, 3.2E-07, 5.6E-07, 3.5E-07, 3.9E-07, 5.8E-07, 4.6E-07, 2.3E-07, 3.2E-07, 4.4E-07, 1.0E-06, 3.3E-07, 4.9E-07, 1.0E-06, 1.8E-05, 1.2E+02, 1.2E+02, 1.2E+02, 1.2E+02, 1.2E+02, 1.2E+02, 1.2E+02, 1.2E+02, 1.2E+02, 1.2E+02, 1.2E+02, 1.2E+02, 1.0E+01, 1.3E-07, 4.8E-07, 3.1E-07, 2.3E-07, 2.7E-06, 6.6E-07, 1.8E-06, 1.9E+01, 1.9E+01, 1.9E+01, 1.9E+01, 1.9E+01, 8.6E-08, 1.0E-07, 4.2E-09, 2.3E-08, 3.8E-01, 1.0E+02, 1.0E+02, 1.0E+02, 1.0E+02, 1.0E+02, 1.0E+02, 1.0E+02, 1.0E+02, 1.0E+02, 1.0E+02, 1.0E+02, 1.0E+02, 1.0E+02, 1.0E+02, 1.0E+02, 1.0E+02, 5.9E-07, 1.1E-07, 5.9E-08, 4.3E-08, 3.4E-08, 3.0E-08, 2.7E-08, 2.5E-08, 2.4E-08, 2.3E-08, 2.2E-08, 2.5E-08, 2.7E-08, 2.3E-08, 2.5E-08, 2.7E-08, 3.0E-08, 3.1E-08, 3.3E-08, 3.5E-08, 3.6E-08, 3.8E-08, 3.9E-08, 4.1E-08, 4.2E-08, 4.3E-08, 4.5E-08, 4.6E-08, 6.5E-08, 5.1E-08, 6.6E-08, 1.1E-07, 6.9E-08, 6.6E-08, 6.8E-08, 6.9E-08, 7.2E-08, 7.4E-08, 7.7E-08, 7.9E-08, 8.1E-08, 8.2E-08, 8.4E-08, 8.6E-08, 8.7E-08, 1.1E-07, 1.1E-07, 1.3E-08, 1.0E-07, 3.5E-06, 1.0E+02, 1.0E+02, 1.0E+02, 1.0E+02, 1.0E+02, 1.0E+02, 1.0E+02, 1.0E+02, 1.0E+02, 1.0E+02, 1.0E+02, 1.0E+02, 1.0E+02, 1.0E+02, 1.0E+02, 1.0E+02, 1.0E+02, 1.0E+02, 1.0E+02, 1.0E+02, 1.0E+02, 9.0E-03, 1.9E-07, 8.0E-08, 5.3E-08, 4.1E-08, 3.5E-08, 3.1E-08, 2.9E-08, 2.7E-08, 2.6E-08, 2.7E-08, 2.9E-08, 3.2E-08, 3.4E-08, 2.9E-08, 3.1E-08, 3.2E-08, 3.4E-08, 3.5E-08, 3.7E-08, 3.8E-08, 4.0E-08, 4.1E-08, 4.2E-08, 4.3E-08, 4.5E-08, 4.6E-08, 4.7E-08, 4.8E-08, 5.0E-08, 5.3E-08, 5.7E-08, 6.0E-08, 6.3E-08, 6.6E-08, 6.8E-08, 7.1E-08, 7.3E-08, 7.7E-08, 8.1E-08, 1.0E-07, 1.0E-07, 1.0E-07, 1.0E-07, 1.0E-07, 1.3E-07, 2.7E-07, 5.8E-07, 4.0E-07, 5.4E-07, 1.0E-06, 1.2E+02, 1.2E+02, 1.2E+02, 1.2E+02, 1.2E+02, 1.2E+02, 1.2E+02, 1.2E+02, 1.2E+02, 1.2E+02, 1.2E+02, 1.2E+02, 1.2E+02, 1.2E+02, 1.9E+01, 1.9E+01, 1.9E+01, 1.9E+01, 1.9E+01, 1.9E+01, 1.9E+01, 1.9E+01, 1.9E+01, 1.9E+01, 1.9E+01, 1.9E+01, 1.9E+01, 1.6E-06, 5.9E-07, 3.4E-08, 3.5E-08, 3.5E-08, 3.6E-08, 3.7E-08, 3.8E-08, 3.9E-08, 4.0E-08, 4.1E-08, 4.3E-08, 4.4E-08, 4.5E-08, 4.6E-08, 4.6E-08, 4.7E-08, 4.8E-08, 4.9E-08, 5.0E-08, 7.1E-08, 7.3E-08, 7.5E-08, 7.7E-08, 7.9E-08, 8.1E-08, 8.3E-08, 8.4E-08, 8.6E-08, 8.7E-08, 8.8E-08, 8.9E-08, 9.1E-08, 9.2E-08, 9.3E-08, 9.4E-08, 9.6E-08, 9.7E-08, 9.8E-08, 9.9E-08, 1.0E-07, 1.0E-07, 1.2E-07, 1.3E-07, 1.0E-07, 1.0E-07, 1.0E-07, 1.0E-07, 1.0E-07, 1.1E-07, 1.1E-07, 1.2E-07, 1.2E-07, 1.2E-07, 1.3E-07, 1.3E-07, 1.3E-07, 1.3E-07, 1.4E-07, 1.6E-07, 1.9E-07, 2.2E-07, 2.3E-07, 2.4E-07, 2.5E-07, 2.5E-07, 2.7E-07, 3.2E-07, 3.5E-07, 4.2E-07, 7.4E-09, 9.7E-09, 1.3E-08, 5.2E-08, 1.7E-07, 7.2E-07, 7.1E-08, 2.1E-07, 6.3E-08, 9.7E-08, 2.2E-07, 3.1E-07, 6.9E-07, 1.5E-07, 1.6E-07, 1.5E-07, 1.2E-06, 1.8E-07, 5.9E-06, 5.8E+01, 1.2E+02, 1.2E+02, 1.2E+02, 1.2E+02, 1.2E+02, 1.2E+02, 1.2E+02, 1.2E+02, 1.2E+02, 1.2E+02, 1.2E+02, 1.9E+01, 1.9E+01, 1.9E+01, 1.9E+01, 1.9E+01, 1.9E+01, 1.9E+01, 1.9E+01, 1.9E+01, 1.9E+01, 1.9E+01, 1.9E+01, 1.9E+01, 1.9E+01, 3.9E-08, 1.7E-09, 5.6E+01, 1.0E+02, 4.3E-09, 2.2E-08, 4.1E-07, 3.2E+01, 1.0E+02, 1.0E+02, 1.0E+02, 1.0E+02, 1.0E+02, 1.0E+02, 1.0E+02, 1.0E+02, 1.0E+02, 1.0E+02, 1.0E+02, 6.4E-07, 1.9E-07, 1.1E-07, 8.3E-08, 6.7E-08, 5.7E-08, 5.1E-08, 4.8E-08, 4.5E-08, 4.3E-08, 4.3E-08, 4.2E-08, 4.2E-08, 4.2E-08, 4.1E-08, 4.2E-08, 4.3E-08, 4.5E-08, 4.7E-08, 4.9E-08, 5.1E-08, 5.4E-08, 5.9E-08, 6.3E-08, 6.7E-08, 7.1E-08, 7.4E-08, 7.7E-08, 8.0E-08, 8.3E-08, 8.5E-08, 8.8E-08, 9.0E-08, 9.2E-08, 9.4E-08, 9.6E-08, 9.7E-08, 9.8E-08, 9.9E-08, 1.0E-07, 1.0E-07, 1.1E-07, 1.1E-07, 1.2E-07, 1.6E-07, 1.4E-07, 1.4E-07, 1.1E-07, 1.5E-07, 2.1E-07, 2.7E-07, 3.1E-09, 2.3E-07, 1.6E-08, 1.7E-06, 1.8E-06, 1.0E+02, 1.0E+02, 1.0E+02, 1.0E+02, 1.0E+02, 1.0E+02, 1.0E+02, 1.0E+02, 1.0E+02, 1.0E+02, 1.0E+02, 1.0E+02, 1.2E+02, 1.2E+02, 1.2E+02, 1.2E+02, 1.2E+02, 1.2E+02, 1.2E+02, 1.2E+02, 1.2E+02, 4.9E-07, 2.9E-07, 7.1E-07, 2.3E-07, 2.3E-07, 3.3E-06, 4.2E-06, 2.6E-06, 2.8E-07, 1.1E-06, 1.5E-06, 2.4E-06, 9.5E-06, 1.4E-05, 2.6E-05, 6.0E-05, 4.1E-05, 1.6E-06, 3.8E-06, 8.6E-06, 2.7E-05, 3.6E-05, 1.2E-06, 2.9E-06, 3.0E-05, 2.4E-06, 3.0E-06, 3.8E-06, 5.4E-06, 1.4E-06, 1.8E-05, 8.1E-06, 4.0E-06, 2.0E-06, 1.0E-06, 2.4E-05, 3.4E-07, 1.6E-05, 2.5E-05, 6.1E-06, 3.7E-06, 9.2E-07, 9.0E-07, 9.4E-08, 9.6E-08, 9.7E-08, 9.8E-08, 9.9E-08, 1.0E-07, 1.0E-07, 1.0E-07, 1.2E-07, 1.2E-07, 1.6E-07, 2.2E-07, 3.6E-07, 2.3E-08, 3.5E-07, 3.5E-06, 7.6E-07, 1.0E+02, 1.0E+02, 1.0E+02, 1.0E+02, 1.0E+02, 1.0E+02, 1.0E+02, 1.0E+02, 1.0E+02, 1.0E+02, 1.0E+02, 1.0E+02, 1.0E+02, 1.0E+02, 1.0E+02, 1.0E+02, 1.0E+02, 9.3E-06, 4.1E-07, 1.9E-07, 1.3E-07, 1.0E-07, 8.5E-08, 7.4E-08, 6.7E-08, 6.2E-08, 5.8E-08, 5.6E-08, 5.4E-08, 5.2E-08, 5.2E-08, 5.1E-08, 5.0E-08, 5.1E-08, 5.2E-08, 5.2E-08, 5.3E-08, 5.4E-08, 5.5E-08, 5.6E-08, 5.8E-08, 6.0E-08, 6.1E-08, 6.3E-08, 6.5E-08, 6.6E-08, 6.7E-08, 6.9E-08, 7.0E-08, 7.2E-08, 7.3E-08, 7.4E-08, 7.6E-08, 7.7E-08, 9.9E-08, 1.0E-07, 1.0E-07, 1.0E-07, 1.1E-07, 1.1E-07, 1.1E-07, 1.1E-07, 1.2E-07, 1.6E-07, 1.2E-07, 1.3E-07, 1.3E-07, 1.4E-07, 1.5E-07, 1.6E-07, 2.1E-07, 2.6E-07, 3.1E-07, 3.2E-07, 1.5E-07, 1.6E-07, 1.7E-07, 1.8E-07, 2.1E-07, 2.9E-07, 2.2E-07, 2.1E-07, 2.2E-07, 3.3E-07, 2.8E-07, 2.6E-07, 2.8E-06, 9.8E-07, 9.2E+01, 1.2E+02, 1.2E+02, 1.2E+02, 1.2E+02, 1.2E+02, 1.2E+02, 7.6E+01, 3.2E-07, 2.0E-07, 2.1E-07, 4.3E-07, 4.0E-07, 3.9E-07, 4.0E-07, 3.9E-07, 4.0E-07, 4.1E-07, 3.9E-07, 4.2E-07, 4.1E-07, 3.1E-07, 5.3E-07, 3.1E-07, 3.1E-07, 3.0E-07, 3.2E-07, 2.3E-07, 2.3E-07, 3.4E-07, 2.8E-07, 3.2E-07, 7.7E-07, 5.4E-07, 2.9E-07, 3.1E-08, 2.0E-06, 3.7E-08, 7.4E+00, 1.2E+02, 9.0E+01, 5.6E+01, 2.5E+01, 1.7E+01, 1.2E+02, 1.2E+02, 5.7E+01, 1.9E+01, 1.2E-07, 1.2E-07, 1.1E-07, 1.1E-07, 1.0E-07, 9.8E-08, 9.6E-08, 9.4E-08, 1.1E-07, 1.9E-07, 2.0E-07, 5.2E-08, 3.1E-06, 1.0E+02, 1.0E+02, 1.0E+02, 1.0E+02, 1.0E+02, 1.0E+02, 1.0E+02, 1.0E+02, 1.0E+02, 1.0E+02, 1.0E+02, 1.0E+02, 1.0E+02, 1.0E+02, 1.0E+02, 1.0E+02, 1.0E+02, 1.0E+02, 1.5E-07, 6.5E-08, 4.4E-08, 3.5E-08, 2.9E-08, 2.6E-08, 2.4E-08, 2.2E-08, 2.1E-08, 2.1E-08, 2.0E-08, 2.0E-08, 2.2E-08, 2.5E-08, 2.7E-08, 2.5E-08, 2.8E-08, 3.2E-08, 3.6E-08, 3.9E-08, 4.3E-08, 4.6E-08, 4.9E-08, 5.1E-08, 5.3E-08, 5.5E-08, 5.8E-08, 6.1E-08, 6.5E-08, 6.8E-08, 7.0E-08, 7.2E-08, 7.5E-08, 7.6E-08, 7.8E-08, 8.0E-08, 8.2E-08, 8.4E-08, 8.5E-08, 8.7E-08, 8.9E-08, 9.0E-08, 8.2E-08, 8.3E-08, 8.4E-08, 8.5E-08, 1.2E-07, 1.2E-09, 2.6E-07, 1.0E+02, 1.0E+02, 1.0E+02, 1.0E+02, 1.0E+02, 1.0E+02, 1.0E+02, 1.0E+02, 1.0E+02, 1.0E+02, 1.0E+02, 1.0E+02, 1.0E+02, 1.0E+02, 1.0E+02, 1.0E+02, 1.0E+02, 1.0E+02, 1.0E+02, 1.0E+02, 1.0E+02, 1.2E+02, 1.0E+02, 1.5E-06, 1.7E-06, 1.9E-06, 1.2E-05, 5.1E-07, 8.9E-06, 8.2E-06, 1.4E-05, 2.2E-05, 6.7E-05, 3.9E-05, 2.6E-05, 3.6E-05, 6.8E-07, 6.3E-07, 7.2E-07, 7.8E-07, 6.6E-07, 6.8E-07, 4.4E-05, 2.7E-05, 4.1E-05, 2.8E-05, 2.5E-05, 1.1E-05, 4.7E-06, 3.3E-06, 2.4E-06, 9.0E-07, 1.3E-06, 6.1E-06, 1.6E-06, 1.4E-06, 5.8E-07, 6.2E-06, 2.4E-06, 1.7E-07, 1.8E-07, 2.0E-06, 1.4E-06, 3.1E-07, 1.9E+01, 1.9E+01, 9.9E-08, 1.8E-07, 1.6E-07, 3.1E-08, 1.3E-07, 1.0E+02, 1.0E+02, 1.0E+02, 1.0E+02, 1.0E+02, 1.0E+02, 1.0E+02, 1.0E+02, 1.0E+02, 1.0E+02, 1.0E+02, 1.0E+02, 1.0E+02, 1.0E+02, 1.0E+02, 1.2E+02, 1.2E+02, 1.2E+02, 1.2E+02, 1.2E+02, 6.6E+01, 4.6E-07, 2.3E-07, 1.8E-07, 1.6E-07, 1.5E-07, 1.5E-07, 1.4E-07, 1.4E-07, 1.4E-07, 1.4E-07, 1.4E-07, 1.4E-07, 1.4E-07, 1.5E-07, 1.5E-07, 1.6E-07, 1.6E-07, 1.6E-07, 1.7E-07, 1.7E-07, 1.8E-07, 1.8E-07, 1.8E-07, 1.9E-07, 1.9E-07, 2.9E-07, 2.9E-07, 2.9E-07, 2.8E-07, 2.8E-07, 2.7E-07, 2.6E-07, 2.4E-07, 2.3E-07, 2.2E-07, 2.3E-07, 2.4E-07, 2.5E-07, 2.6E-07, 2.7E-07, 2.8E-07, 2.8E-07, 3.6E-07, 4.1E-07, 4.6E-07, 5.1E-07, 5.6E-07, 6.0E-07, 6.5E-07, 9.6E-08, 9.7E-08, 9.8E-08, 1.2E-07, 1.2E-07, 1.3E-07, 9.8E-08, 9.9E-08, 1.0E-07, 1.0E-07, 1.0E-07, 1.0E-07, 1.1E-07, 1.1E-07, 1.2E-07, 1.2E-07, 1.2E-07, 1.3E-07, 1.3E-07, 1.3E-07, 1.4E-07, 1.5E-07, 1.7E-07, 2.0E-07, 2.2E-07, 2.3E-07, 2.4E-07, 2.5E-07, 2.5E-07, 2.8E-07, 3.2E-07, 3.7E-07, 4.7E-07, 7.3E-09, 1.0E-08, 1.4E-08, 1.7E-08, 4.3E-08, 1.8E-07, 8.6E-07, 7.8E-07, 8.8E-07, 1.9E-08, 1.8E-07, 1.7E-07, 4.9E-07, 4.3E-06, 6.5E-06, 5.1E-07, 2.1E-06, 7.7E-07, 9.7E-07, 7.7E+01, 1.0E+02, 1.0E+02, 1.0E+02, 1.0E+02, 1.0E+02, 1.0E+02, 1.0E+02, 1.0E+02, 1.0E+02, 1.0E+02, 1.0E+02, 1.0E+02, 1.0E+02, 1.0E+02, 1.0E+02, 6.5E+01, 1.0E+02, 1.0E+02, 1.0E+02, 1.0E+02, 1.0E+02, 1.0E+02, 1.0E+02, 1.0E+02, 1.0E+02, 1.0E+02, 1.0E+02, 1.0E+02, 1.0E+02, 1.0E+02, 1.0E+02, 2.8E-06, 1.6E-06, 2.3E-08, 2.1E-08, 1.5E-08, 1.5E-08, 1.5E-08, 1.5E-08, 1.5E-08, 1.5E-08, 1.5E-08, 1.5E-08, 1.5E-08, 1.5E-08, 1.5E-08, 1.5E-08, 1.5E-08, 1.6E-08, 1.6E-08, 1.8E-08, 2.1E-08, 2.4E-08, 2.7E-08, 3.0E-08, 3.2E-08, 3.2E-08, 3.4E-08, 3.6E-08, 3.9E-08, 4.2E-08, 4.4E-08, 4.7E-08, 4.9E-08, 5.3E-08, 5.7E-08, 6.1E-08, 6.4E-08, 6.7E-08, 6.9E-08, 8.8E-08, 7.1E-08, 7.4E-08, 7.6E-08, 7.8E-08, 8.0E-08, 8.2E-08, 8.3E-08, 9.9E-08, 1.3E-07, 1.3E-08, 1.6E-08, 4.7E-07, 3.3E-07, 1.2E+02, 1.2E+02, 1.2E+02, 1.2E+02, 1.2E+02, 1.2E+02, 1.2E+02, 1.2E+02, 1.2E+02, 1.2E+02, 1.2E+02, 1.2E+02, 1.2E+02, 1.2E+02, 1.2E+02, 1.2E+02, 1.2E+02, 1.9E-06, 6.5E+00, 6.5E+00, 6.5E+00, 6.5E+00, 1.9E+01, 1.9E+01, 1.9E+01, 1.9E+01, 1.9E+01, 1.9E+01, 1.9E+01, 1.9E+01, 1.9E+01, 1.9E+01, 1.9E+01, 1.9E+01, 1.9E+01, 1.9E+01, 1.9E+01, 1.9E+01, 1.9E+01, 1.9E+01, 1.9E+01, 1.9E+01, 3.5E-08, 3.6E-08, 3.7E-08, 3.8E-08, 3.9E-08, 4.1E-08, 4.2E-08, 4.3E-08, 4.3E-08, 4.4E-08, 4.5E-08, 4.6E-08, 4.7E-08, 4.8E-08, 6.6E-08, 6.8E-08, 7.0E-08, 7.3E-08, 7.6E-08, 7.9E-08, 8.3E-08, 8.4E-08, 8.5E-08, 8.5E-08, 8.6E-08, 8.6E-08, 8.7E-08, 8.8E-08, 8.9E-08, 9.0E-08, 9.1E-08, 9.2E-08, 1.5E-07, 1.7E-07, 1.8E-07, 1.8E-07, 1.8E-07, 1.8E-07, 1.8E-07, 1.7E-07, 1.6E-07, 9.3E-08, 1.0E-07, 1.1E-07, 1.1E-07, 1.1E-07, 1.3E-07, 2.0E-07, 1.3E-07, 4.5E-07, 8.2E-07, 2.6E-07, 3.5E-05, 1.0E+02, 1.0E+02, 1.0E+02, 1.0E+02, 1.0E+02, 1.0E+02, 1.0E+02, 1.0E+02, 1.0E+02, 1.0E+02, 1.0E+02, 1.0E+02, 1.0E+02, 1.0E+02, 1.0E+02, 1.0E+02, 1.0E+02, 1.0E+02, 1.0E+02, 1.0E+02, 3.4E-06, 2.1E-07, 1.1E-07, 7.8E-08, 6.1E-08, 5.3E-08, 4.8E-08, 4.5E-08, 4.3E-08, 4.2E-08, 4.1E-08, 4.1E-08, 4.0E-08, 6.2E-05, 7.8E-07, 3.7E-06, 7.3E-07, 2.9E-07, 6.1E-07, 2.0E-07, 2.1E-07, 2.5E-06, 1.9E-06, 2.1E-07, 2.3E-06, 1.0E-06, 1.7E-05, 7.4E-06, 1.9E-06, 3.5E-05, 9.5E-06, 4.7E-06, 1.1E-06, 7.2E-07, 8.2E-07, 4.4E-06, 4.9E-07, 7.7E-07, 3.3E-07, 3.4E-07, 3.4E-07, 3.5E-07, 3.5E-07, 3.5E-07, 3.5E-07, 3.5E-07, 3.5E-07, 3.5E-07, 3.9E-07, 3.0E-07, 2.4E-07, 2.5E-07, 2.6E-07, 2.7E-07, 3.0E-07, 3.2E-07, 3.5E-07, 3.9E-07, 4.2E-07, 4.5E-07, 4.7E-07, 4.9E-07, 5.0E-07, 5.1E-07, 5.2E-07, 5.2E-07, 5.2E-07, 5.3E-07, 5.6E-07, 6.1E-07, 6.9E-07, 8.5E-07, 3.1E-07, 2.8E-07, 3.0E-07, 3.3E-07, 3.6E-07, 4.3E-07, 8.5E-07, 4.6E-08, 3.1E-07, 3.7E-08, 5.0E-07, 6.4E-08, 8.2E-08, 4.3E-07, 8.5E-07, 7.3E-07, 1.3E-06, 4.5E-08, 1.3E-06, 6.0E-07, 1.2E+02, 1.2E+02, 1.2E+02, 1.2E+02, 1.2E+02, 1.2E+02, 1.2E+02, 1.2E+02, 1.2E+02, 1.2E+02, 1.0E+02, 1.4E-07, 1.3E-07, 1.2E-07, 1.1E-07, 9.2E-08, 4.7E-09, 3.1E-09, 2.5E-09, 2.2E-09, 2.0E-09, 1.9E-09, 1.9E-09, 1.0E+02, 1.0E+02, 1.0E+02, 1.0E+02, 1.0E+02, 1.0E+02, 1.0E+02, 1.0E+02, 1.0E+02, 1.0E+02, 1.0E+02, 1.0E+02, 1.0E+02, 1.0E+02, 1.0E+02, 1.0E+02, 3.3E+01, 1.3E-07, 6.0E-08, 4.1E-08, 3.3E-08, 2.8E-08, 2.5E-08, 2.3E-08, 2.2E-08, 2.1E-08, 2.0E-08, 2.0E-08, 2.0E-08, 2.0E-08, 2.2E-08, 2.4E-08, 2.2E-08, 2.4E-08, 2.6E-08, 2.9E-08, 3.2E-08, 3.4E-08, 3.7E-08, 4.0E-08, 4.2E-08, 4.4E-08, 4.6E-08, 4.8E-08, 5.0E-08, 5.3E-08, 5.8E-08, 6.2E-08, 6.3E-08, 1.5E-07, 6.8E-08, 7.3E-08, 7.4E-08, 7.5E-08, 7.7E-08, 7.9E-08, 8.1E-08, 8.2E-08, 8.4E-08, 1.9E-07, 4.5E-07, 1.1E-07, 1.0E+02, 1.0E+02, 1.0E+02, 1.0E+02, 1.0E+02, 1.0E+02, 1.0E+02, 1.0E+02, 1.0E+02, 1.0E+02, 1.0E+02, 1.0E+02, 1.2E+02, 1.2E+02, 1.2E+02, 1.2E+02, 1.2E+02, 1.2E+02, 1.2E+02, 7.1E+01, 1.9E+01, 1.9E+01, 1.9E+01, 1.9E+01, 1.9E+01, 1.9E+01, 1.9E+01, 1.9E+01, 1.9E-08, 1.8E-08, 1.8E-08, 1.8E-08, 1.7E-08, 1.9E-08, 1.8E-08, 1.9E-08, 2.1E-08, 2.4E-08, 2.6E-08, 2.8E-08, 3.0E-08, 3.2E-08, 3.4E-08, 3.5E-08, 3.6E-08, 3.8E-08, 3.9E-08, 4.0E-08, 4.2E-08, 4.3E-08, 4.4E-08, 4.5E-08, 4.6E-08, 4.7E-08, 4.8E-08, 5.1E-08, 7.5E-08, 7.8E-08, 8.1E-08, 8.3E-08, 8.3E-08, 8.4E-08, 8.4E-08, 8.5E-08, 8.6E-08, 8.7E-08, 9.7E-08, 1.2E-07, 1.6E-07, 2.9E-07, 2.4E-07, 1.5E-08, 1.5E-06, 4.9E-06, 4.6E-07, 3.6E-08, 6.8E-06, 6.5E+00, 3.9E+01, 1.2E+02, 1.2E+02, 1.2E+02, 1.2E+02, 1.2E+02, 1.2E+02, 1.2E+02, 1.2E+02, 1.2E+02, 1.2E+02, 1.2E+02, 1.2E+02, 1.2E+02, 6.9E-04, 1.9E+01, 1.9E+01, 1.9E+01, 1.9E+01, 1.9E+01, 1.9E+01, 1.9E+01, 1.9E+01, 1.9E+01, 1.9E+01, 1.9E+01, 1.9E+01, 1.9E+01, 1.9E+01, 1.9E+01, 1.9E+01, 1.9E+01, 1.9E+01, 3.7E-08, 3.8E-08, 3.8E-08, 4.0E-08, 4.1E-08, 4.2E-08, 4.3E-08, 4.4E-08, 4.5E-08, 4.6E-08, 4.7E-08, 4.7E-08, 4.8E-08, 4.9E-08, 6.9E-08, 7.1E-08, 7.3E-08, 7.5E-08, 7.7E-08, 7.8E-08, 8.0E-08, 8.1E-08, 8.2E-08, 8.4E-08, 8.5E-08, 8.6E-08, 8.8E-08, 8.9E-08, 9.0E-08, 9.2E-08, 9.3E-08, 9.4E-08, 9.5E-08, 9.7E-08, 9.8E-08, 9.9E-08, 1.0E-07, 1.0E-07, 1.2E-07, 1.2E-07, 1.3E-07, 1.0E-07, 1.0E-07, 1.0E-07, 1.0E-07, 1.1E-07, 1.1E-07, 1.2E-07, 1.2E-07, 1.2E-07, 1.3E-07, 1.3E-07, 1.3E-07, 1.3E-07, 1.4E-07, 1.6E-07, 1.8E-07, 2.1E-07, 2.3E-07, 2.5E-07, 2.5E-07, 2.5E-07, 2.8E-07, 3.1E-07, 3.5E-07, 4.1E-07, 7.0E-07, 9.9E-09, 1.3E-08, 1.7E-08, 4.2E-08, 1.7E-07, 8.8E-09, 1.4E-07, 2.4E-08, 1.4E-07, 3.1E-07, 1.4E-07, 2.5E-08, 1.2E-08, 6.1E-08, 3.1E-07, 1.3E-07, 5.9E-09, 2.3E-06, 2.1E+01, 1.2E+02, 1.2E+02, 1.2E+02, 1.2E+02, 1.2E+02, 1.2E+02, 1.2E+02, 1.2E+02, 1.2E+02, 1.2E+02, 1.2E+02, 4.2E+01, 1.9E+01, 1.9E+01, 1.0E+02, 1.0E+02, 6.2E-06, 4.5E-07, 6.6E-08, 6.7E-08, 6.4E-08, 6.0E-08, 5.3E-08, 7.2E-08, 4.5E-09, 1.0E+02, 1.0E+02, 1.0E+02, 1.0E+02, 1.0E+02, 1.0E+02, 1.0E+02, 1.0E+02, 1.0E+02, 1.0E+02, 1.0E+02, 1.0E+02, 1.0E+02, 1.0E+02, 1.0E+02, 1.2E+02, 1.2E+02, 1.5E-06, 2.1E-06, 1.9E-07, 1.7E-07, 1.6E-07, 1.6E-07, 2.0E-08, 1.9E-08, 1.8E-08, 1.7E-08, 1.7E-08, 1.7E-08, 1.7E-08, 1.7E-08, 1.7E-08, 1.9E-08, 2.2E-08, 2.2E-08, 2.5E-08, 2.7E-08, 2.9E-08, 3.1E-08, 3.2E-08, 3.5E-08, 3.7E-08, 4.0E-08, 4.2E-08, 4.4E-08, 4.6E-08, 4.9E-08, 5.2E-08, 5.6E-08, 5.9E-08, 6.2E-08, 6.5E-08, 6.7E-08, 6.9E-08, 7.1E-08, 7.3E-08, 7.5E-08, 7.7E-08, 7.8E-08, 8.0E-08, 8.1E-08, 8.3E-08, 8.4E-08, 8.5E-08, 1.0E-07, 1.1E-07, 1.1E-07, 1.0E-07, 1.1E-07, 1.1E-07, 1.2E-07, 1.2E-07, 1.3E-07, 1.3E-07, 1.4E-07, 1.4E-07, 1.1E-08, 1.8E-07, 1.0E+02, 1.0E+02, 1.0E+02, 1.0E+02, 1.0E+02, 1.0E+02, 1.0E+02, 1.0E+02, 1.0E+02, 1.0E+02, 1.0E+02, 1.0E+02, 1.0E+02, 1.0E+02, 1.0E+02, 1.0E+02, 1.0E+02, 1.0E+02, 1.0E+02, 1.0E+02, 1.0E+02, 1.0E+02, 1.0E+02, 1.0E+02, 3.0E-07, 7.3E-08, 4.7E-08, 3.5E-08, 2.9E-08, 2.6E-08, 2.3E-08, 2.2E-08, 2.1E-08, 2.1E-08, 2.2E-08, 2.3E-08, 2.1E-05, 1.8E-05, 2.0E-06, 7.6E-06, 6.5E+00, 6.5E+00, 7.1E-07, 2.5E-06, 2.4E-06, 7.9E-07, 4.5E-06, 6.3E-06, 7.8E-06, 1.5E-07, 1.5E-07, 1.5E-07, 1.5E-07, 1.5E-07, 1.8E-07, 2.8E-07, 2.5E-07, 7.3E-08, 8.2E-08, 1.6E-06, 1.9E+01, 1.9E+01, 1.9E+01, 1.9E+01, 1.3E-08, 2.1E-07, 1.0E+02, 1.0E+02, 1.0E+02, 1.0E+02, 1.0E+02, 1.0E+02, 1.0E+02, 1.0E+02, 1.0E+02, 1.0E+02, 1.0E+02, 1.0E+02, 1.0E+02, 1.0E+02, 6.3E+01, 6.2E-07, 2.4E-07, 1.6E-07, 1.2E-07, 9.8E-08, 8.4E-08, 7.6E-08, 7.0E-08, 6.6E-08, 1.8E-07, 1.8E-07, 1.7E-07, 1.7E-07, 1.7E-07, 1.6E-07, 1.6E-07, 1.6E-07, 1.6E-07, 1.6E-07, 1.6E-07, 1.7E-07, 1.7E-07, 1.7E-07, 1.7E-07, 1.7E-07, 1.7E-07, 1.8E-07, 1.8E-07, 1.8E-07, 1.9E-07, 1.9E-07, 2.6E-07, 2.8E-07, 2.9E-07, 3.0E-07, 3.1E-07, 3.4E-07, 3.4E-07, 3.4E-07, 3.4E-07, 3.4E-07, 3.4E-07, 3.4E-07, 3.4E-07, 3.4E-07, 3.8E-07, 3.3E-07, 3.3E-07, 3.3E-07, 3.3E-07, 3.2E-07, 3.3E-07, 3.3E-07, 3.9E-07, 4.4E-07, 4.9E-07, 4.9E-07, 5.6E-07, 2.3E-07, 2.6E-07, 2.9E-07, 3.1E-07, 3.3E-07, 3.2E-07, 4.3E-07, 2.9E-07, 1.2E-06, 7.4E-07, 2.8E-07, 3.8E-07, 6.8E-07, 4.2E-01, 1.2E+02, 1.2E+02, 1.2E+02, 1.2E+02, 1.2E+02, 1.2E+02, 1.2E+02, 9.8E+01, 6.8E-08, 4.0E-08, 2.1E-07, 1.5E-07, 1.4E-07, 2.2E-07, 3.7E-07, 7.7E-07, 5.6E-08, 8.9E-08, 1.5E-07, 1.0E-07, 1.3E-07, 6.4E-08, 1.3E-07, 3.0E-07, 2.2E-07, 1.3E-07, 1.1E-06, 3.5E-07, 5.9E-07, 1.9E-06, 6.4E-07, 1.9E+01, 1.9E+01, 1.9E+01, 1.9E+01, 1.9E+01, 1.9E+01, 1.9E+01, 1.9E+01, 1.9E+01, 1.9E+01, 1.9E+01, 1.7E-09, 4.4E-09, 1.5E-07, 1.0E+02, 1.0E+02, 1.0E+02, 1.0E+02, 1.0E+02, 1.0E+02, 1.0E+02, 1.0E+02, 1.0E+02, 1.0E+02, 1.0E+02, 1.0E+02, 1.0E+02, 1.0E+02, 1.0E+02, 1.0E+02, 1.0E+02, 1.0E+02, 1.0E+02, 1.0E+02, 1.1E-06, 1.1E-07, 5.6E-08, 4.0E-08, 3.2E-08, 2.8E-08, 2.5E-08, 2.3E-08, 2.2E-08, 2.1E-08, 2.0E-08, 2.0E-08, 2.0E-08, 2.3E-08, 2.1E-08, 2.3E-08, 2.5E-08, 2.8E-08, 3.0E-08, 3.2E-08, 3.3E-08, 3.6E-08, 3.9E-08, 4.1E-08, 4.4E-08, 4.6E-08, 4.8E-08, 5.0E-08, 5.2E-08, 5.6E-08, 5.9E-08, 6.3E-08, 6.5E-08, 6.8E-08, 7.0E-08, 7.2E-08, 7.4E-08, 7.6E-08, 7.8E-08, 8.0E-08, 8.2E-08, 8.3E-08, 8.5E-08, 8.6E-08, 8.7E-08, 8.9E-08, 1.1E-07, 1.1E-07, 1.7E-07, 1.4E-08, 8.0E-08, 1.2E-07, 1.0E+02, 1.0E+02, 1.0E+02, 1.2E+02, 1.2E+02, 1.2E+02, 1.2E+02, 1.2E+02, 1.2E+02, 1.2E+02, 1.2E+02, 1.2E+02, 1.2E+02, 1.2E+02, 1.2E+02, 1.2E+02, 1.2E+02, 1.2E+02, 2.7E+01, 1.9E+01, 6.5E+00, 6.5E+00, 6.5E+00, 6.5E+00, 6.5E+00, 6.5E+00, 6.5E+00, 6.5E+00, 6.5E+00, 6.5E+00, 6.5E+00, 6.5E+00, 6.5E+00, 6.5E+00, 6.5E+00, 6.5E+00, 6.5E+00, 1.7E-07, 1.7E-07, 1.7E-07, 1.8E-07, 1.8E-07, 1.8E-07, 1.9E-07, 2.1E-07, 2.5E-07, 2.6E-07, 2.8E-07, 3.4E-07, 1.0E-07, 1.3E-07, 1.3E-07, 3.5E-06, 3.6E-06, 4.1E-06, 5.5E-08, 5.7E-08, 2.1E-06, 7.4E-07, 1.4E-06, 1.5E-06, 2.0E-06, 4.6E-06, 8.5E-06, 9.7E-08, 9.9E-08, 1.0E-07, 1.0E-07, 1.0E-07, 1.0E-07, 1.0E-07, 1.0E-07, 1.0E-07, 1.2E-07, 1.3E-07, 1.3E-07, 9.9E-08, 1.0E-07, 1.0E-07, 1.0E-07, 1.0E-07, 1.1E-07, 1.1E-07, 1.3E-07, 2.0E-07, 3.1E-07, 3.8E-07, 2.1E-08, 1.8E-08, 3.1E-08, 7.5E-06, 1.0E+02, 1.0E+02, 1.0E+02, 1.0E+02, 1.0E+02, 1.0E+02, 1.0E+02, 1.0E+02, 1.0E+02, 1.0E+02, 1.0E+02, 1.0E+02, 1.0E+02, 1.0E+02, 1.0E+02, 1.0E+02, 1.0E+02, 1.0E+02, 1.0E+02, 1.0E+02, 3.4E+01, 2.2E-07, 8.9E-08, 7.5E-08, 5.5E-08, 4.4E-08, 4.0E-08, 3.9E-08, 3.8E-08, 3.0E-08, 3.1E-08, 3.1E-08, 3.2E-08, 3.3E-08, 3.4E-08, 3.5E-08, 3.7E-08, 3.8E-08, 3.9E-08, 4.0E-08, 4.2E-08, 4.3E-08, 4.4E-08, 4.5E-08, 4.6E-08, 4.7E-08, 4.8E-08, 4.9E-08, 5.0E-08, 5.1E-08, 5.3E-08, 5.4E-08, 5.6E-08, 5.8E-08, 6.0E-08, 8.3E-08, 8.6E-08, 8.8E-08, 9.1E-08, 9.3E-08, 9.5E-08, 9.7E-08, 9.9E-08, 1.0E-07, 1.0E-07, 1.0E-07, 1.0E-07, 1.0E-07, 1.1E-07, 1.1E-07, 1.3E-07, 1.3E-07, 1.0E-07, 1.0E-07, 1.1E-07, 1.1E-07, 3.7E-07, 3.3E-07, 3.5E-07, 3.6E-07, 3.8E-07, 3.8E-07, 3.9E-07, 4.0E-07, 4.0E-07, 4.2E-07, 4.4E-07, 4.8E-07, 4.9E-07, 4.1E-07, 4.3E-07, 4.7E-07, 5.1E-07, 6.8E-07, 1.9E-07, 2.2E-07, 2.5E-07, 2.8E-07, 3.1E-07, 3.6E-07, 6.1E-07, 3.5E-07, 6.1E-07, 4.0E-07, 5.0E-07, 3.6E-07, 2.6E-07, 3.6E-07, 2.2E-07, 4.8E-07, 1.5E-06, 2.1E-07, 2.3E-07, 2.8E-07, 1.5E-06, 1.2E+02, 1.2E+02, 1.2E+02, 1.2E+02, 1.2E+02, 1.2E+02, 1.2E+02, 1.2E+02, 1.2E+02, 1.2E+02, 1.2E+02, 1.2E+02, 1.2E+02, 1.2E+02, 4.5E+00, 6.6E-08, 6.6E-08, 7.9E-08, 1.0E-07, 1.0E+02, 1.0E+02, 1.0E+02, 1.0E+02, 1.0E+02, 1.0E+02, 1.0E+02, 1.0E+02, 1.0E+02, 1.0E+02, 1.0E+02, 5.1E+01, 1.2E-07, 5.5E-08, 3.8E-08, 3.0E-08, 2.5E-08, 2.3E-08, 2.1E-08, 2.0E-08, 1.9E-08, 1.8E-08, 1.8E-08, 1.8E-08, 1.8E-08, 1.9E-08, 2.0E-08, 2.3E-08, 2.6E-08, 2.9E-08, 3.1E-08, 2.8E-08, 3.1E-08, 3.5E-08, 3.6E-08, 3.8E-08, 4.1E-08, 4.3E-08, 4.5E-08, 4.8E-08, 4.9E-08, 5.1E-08, 5.5E-08, 5.9E-08, 6.2E-08, 6.5E-08, 6.7E-08, 7.0E-08, 7.2E-08, 7.4E-08, 7.6E-08, 7.8E-08, 7.9E-08, 8.1E-08, 8.3E-08, 8.4E-08, 8.5E-08, 8.7E-08, 1.1E-07, 1.1E-07, 1.4E-07, 1.5E-07, 2.7E-07, 4.9E-07, 4.9E-07, 1.0E+02, 1.0E+02, 1.0E+02, 1.0E+02, 1.0E+02, 1.0E+02, 1.0E+02, 1.0E+02, 1.0E+02, 1.2E+02, 1.2E+02, 1.2E+02, 1.2E+02, 1.2E+02, 1.2E+02, 1.2E+02, 1.2E+02, 1.2E+02, 1.2E+02, 1.2E+02, 1.2E+02, 1.9E+01, 1.9E+01, 1.9E+01, 1.9E+01, 1.9E+01, 1.9E+01, 1.9E+01, 1.9E+01, 1.9E+01, 1.9E+01, 1.9E+01, 1.9E+01, 1.9E+01, 1.9E+01, 1.9E+01, 1.9E+01, 2.3E-08, 2.4E-08, 2.8E-08, 3.0E-08, 3.2E-08, 3.3E-08, 3.4E-08, 3.6E-08, 2.9E-08, 3.0E-08, 3.9E-08, 4.0E-08, 4.1E-08, 4.1E-08, 4.2E-08, 4.3E-08, 4.4E-08, 4.5E-08, 4.6E-08, 4.7E-08, 6.0E-08, 6.4E-08, 6.8E-08, 7.1E-08, 7.4E-08, 7.5E-08, 7.6E-08, 7.6E-08, 7.7E-08, 8.6E-08, 9.3E-08, 1.1E-07, 1.4E-07, 2.5E-07, 4.2E-07, 9.7E-07, 4.8E-07, 8.1E-08, 1.8E-07, 8.5E-07, 2.3E-07, 5.2E-07, 1.1E-07, 1.8E-07, 3.2E-08, 6.5E+00, 1.3E-07, 3.7E-07, 2.1E-06, 1.9E+01, 1.9E+01, 1.2E+02, 1.2E+02, 1.2E+02, 1.2E+02, 1.2E+02, 1.2E+02, 1.2E+02, 1.2E+02, 1.0E+02, 1.0E+02, 1.0E+02, 3.1E+01, 5.8E-08, 1.8E-08, 8.5E-09, 5.6E-09, 4.3E-09, 3.5E-09, 3.1E-09, 2.9E-09, 2.9E-09, 3.0E-09, 3.3E-09, 4.3E-09, 4.7E-09, 3.5E-09, 2.6E-09, 2.1E-09, 1.8E-09, 1.6E-09, 1.5E-09, 1.4E-09, 9.7E-08, 9.7E-08, 9.7E-08, 9.8E-08, 9.8E-08, 9.9E-08, 1.0E-07, 1.0E-07, 1.0E-07, 1.0E-07, 1.0E-07, 1.1E-07, 1.1E-07, 1.2E-07, 1.3E-07, 1.8E-07, 2.0E-07, 1.7E-07, 1.3E-07, 1.4E-07, 1.7E-07, 4.5E-09, 8.2E-09, 1.2E-08, 1.1E-08, 3.0E-08, 3.8E-09, 2.4E-07, 1.8E-07, 9.7E-07, 7.0E-07, 6.2E-07, 1.4E-06, 8.7E-07, 7.1E-07, 3.5E-07, 3.9E-07, 5.2E-07, 2.4E-06, 9.8E+01, 1.2E+02, 1.2E+02, 1.2E+02, 1.2E+02, 1.2E+02, 7.8E+01, 8.5E-07, 4.5E-07, 2.9E-07, 3.1E-07, 6.3E-07, 2.4E-07, 1.2E-06, 5.7E-07, 4.5E-07, 4.9E-07, 3.9E-07, 1.3E-06, 1.1E-05, 6.5E+00, 6.5E+00, 6.5E+00, 7.2E+00, 7.3E+00, 7.0E+00, 7.9E+00, 8.7E+00, 8.8E+00, 9.2E+00, 1.0E+01, 1.1E+01, 1.3E+01, 1.8E+01, 1.5E+01, 1.9E+01, 2.6E+01, 2.3E+01, 2.3E+01, 1.9E+01, 2.0E+01, 1.7E+01, 1.9E+01, 1.5E+01, 1.5E+01, 1.8E+01, 1.4E+01, 1.6E+01, 1.5E+01, 1.6E+01, 1.3E+01, 1.7E+01, 1.2E+02, 1.2E+02, 1.2E+02, 1.2E+02, 1.2E+02, 1.2E+02, 1.2E+02, 1.0E+02, 1.0E+02, 1.0E+02, 1.0E+02, 1.0E+02, 1.0E+02, 1.0E+02, 1.0E+02, 1.0E+02, 1.0E+02, 1.0E+02, 1.0E+02, 1.0E+02, 1.0E+02, 1.0E+02, 1.4E-07, 5.9E-08, 2.9E-08, 2.4E-08, 2.1E-08, 1.9E-08, 1.8E-08, 1.7E-08, 1.6E-08, 1.6E-08, 1.5E-08, 1.5E-08, 1.5E-08, 1.6E-08, 1.6E-08, 1.7E-08, 1.7E-08, 2.0E-08, 2.3E-08, 2.5E-08, 2.7E-08, 3.0E-08, 3.2E-08, 3.4E-08, 3.6E-08, 3.8E-08, 3.9E-08, 4.1E-08, 4.2E-08, 4.3E-08, 4.4E-08, 4.5E-08, 4.6E-08, 4.7E-08, 4.9E-08, 5.0E-08, 5.1E-08, 5.3E-08, 7.7E-08, 8.0E-08, 8.3E-08, 8.6E-08, 8.9E-08, 9.2E-08, 9.4E-08, 9.6E-08, 9.8E-08, 1.0E-07, 1.0E-07, 1.0E-07, 1.0E-07, 1.3E-07, 1.4E-07, 1.1E-07, 1.1E-07, 1.1E-07, 1.1E-07, 1.2E-07, 1.2E-07, 1.3E-07, 1.3E-07, 1.2E-07, 6.9E-07, 4.8E-09, 2.2E-06, 1.0E+02, 1.0E+02, 1.0E+02, 1.0E+02, 1.0E+02, 1.0E+02, 1.0E+02, 1.0E+02, 1.0E+02, 1.0E+02, 1.0E+02, 1.0E+02, 1.0E+02, 1.0E+02, 1.0E+02, 1.0E+02, 1.0E+02, 1.0E+02, 1.0E+02, 1.0E+02, 1.2E+02, 1.2E+02, 1.2E+02, 7.9E+01, 3.0E-07, 1.9E-07, 1.5E-07, 1.5E-07, 1.6E-07, 2.0E-07, 2.1E-07, 4.9E-07, 1.6E-07, 3.1E-06, 3.5E-06, 1.7E-07, 2.0E-07, 3.8E-07, 2.5E-06, 3.0E-06, 1.2E-07, 1.3E-07, 1.4E-07, 1.3E-07, 1.4E-07, 1.4E-07, 1.5E-07, 1.9E-07, 2.0E-07, 2.0E-07, 2.1E-07, 2.2E-07, 2.3E-07, 2.5E-07, 2.7E-07, 2.8E-07, 3.0E-07, 3.1E-07, 3.1E-07, 3.1E-07, 3.2E-07, 3.2E-07, 3.3E-07, 3.3E-07, 3.4E-07, 3.4E-07, 3.1E-07, 3.0E-07, 2.4E-07, 2.5E-07, 2.5E-07, 2.6E-07, 5.6E-07, 8.5E-07, 2.4E-06, 4.1E-07, 1.9E+01, 1.9E+01, 1.9E+01, 1.9E+01, 1.9E+01, 1.9E+01, 1.2E+02, 1.2E+02, 1.2E+02, 1.2E+02, 1.2E+02, 1.2E+02, 1.2E+02, 1.0E+02, 1.0E+02, 1.0E+02, 1.0E+02, 1.0E+02, 1.0E+02, 1.0E+02, 1.6E-06, 4.3E-07, 2.4E-07, 1.7E-07, 1.3E-07, 1.1E-07, 9.3E-08, 8.3E-08, 7.7E-08, 7.2E-08, 6.8E-08, 6.5E-08, 6.2E-08, 6.1E-08, 5.9E-08, 5.9E-08, 5.9E-08, 5.9E-08, 6.0E-08, 6.1E-08, 6.2E-08, 6.3E-08, 6.4E-08, 6.5E-08, 6.7E-08, 6.8E-08, 6.9E-08, 7.0E-08, 7.1E-08, 7.3E-08, 7.4E-08, 7.5E-08, 7.6E-08, 7.7E-08, 7.8E-08, 8.0E-08, 8.1E-08, 1.0E-07, 1.0E-07, 1.0E-07, 1.1E-07, 1.1E-07, 1.1E-07, 1.2E-07, 1.2E-07, 1.3E-07, 1.7E-07, 3.7E-07, 4.1E-07, 4.4E-07, 4.6E-07, 5.2E-07, 7.2E-07, 7.7E-07, 9.2E-07, 1.0E-06, 8.2E-07, 9.4E-07, 2.1E-07, 2.2E-07, 2.4E-07, 3.0E-07, 2.5E-07, 2.5E-07, 2.2E-07, 2.3E-07, 1.9E-07, 1.8E-07, 6.6E-07, 4.4E-07, 9.6E+01, 1.2E+02, 1.2E+02, 1.2E+02, 1.2E+02, 1.2E+02, 1.2E+02, 6.4E+01, 4.6E-06, 2.6E-07, 2.2E-07, 1.0E-08, 3.5E-07, 1.9E+01, 1.9E+01, 1.9E+01, 1.9E+01, 1.9E+01, 1.9E+01, 1.9E+01, 1.9E+01, 1.9E+01, 1.9E+01, 1.9E+01, 1.9E+01, 1.9E+01, 1.9E+01, 4.7E-07, 9.6E-08, 1.9E-09, 3.7E-09, 2.6E-09, 2.0E-09, 1.8E-09, 1.6E-09, 4.8E-08, 1.0E+02, 1.0E+02, 1.0E+02, 1.0E+02, 1.0E+02, 1.0E+02, 1.0E+02, 1.0E+02, 1.0E+02, 1.0E+02, 1.0E+02, 1.0E+02, 1.0E+02, 1.0E+02, 1.0E+02, 1.0E+02, 7.4E-07, 1.4E-07, 8.1E-08, 5.8E-08, 4.7E-08, 4.1E-08, 3.7E-08, 3.5E-08, 3.4E-08, 3.4E-08, 3.4E-08, 3.4E-08, 3.5E-08, 3.5E-08, 3.6E-08, 3.6E-08, 3.8E-08, 3.9E-08, 4.0E-08, 4.1E-08, 4.4E-08, 4.5E-08, 4.6E-08, 4.7E-08, 4.9E-08, 5.0E-08, 5.2E-08, 5.6E-08, 5.9E-08, 6.3E-08, 6.6E-08, 6.9E-08, 7.2E-08, 7.4E-08, 7.6E-08, 7.9E-08, 8.1E-08, 8.3E-08, 8.5E-08, 8.6E-08, 8.8E-08, 9.0E-08, 9.2E-08, 9.3E-08, 9.5E-08, 1.2E-07, 1.6E-07, 1.7E-07, 1.3E-07, 1.3E-07, 1.3E-07, 1.5E-07, 1.5E-07, 1.9E-07, 2.5E-07, 3.0E-07, 3.4E-07, 3.0E-07, 3.3E-09, 4.1E-09, 5.4E-09, 1.2E-08, 1.7E-08, 1.9E+01, 1.9E+01, 1.9E+01, 1.1E-08, 2.3E-08, 5.0E-07, 3.5E-06, 3.4E-08, 1.0E-07, 7.0E+01, 1.0E+02, 1.0E+02, 1.0E+02, 1.0E+02, 1.0E+02, 1.0E+02, 1.0E+02, 1.0E+02, 1.0E+02, 1.0E+02, 1.0E+02, 1.0E+02, 1.2E+02, 1.2E+02, 1.2E+02, 1.2E+02, 1.2E+02, 1.2E+02, 1.2E+02, 1.2E+02, 1.2E+02, 1.2E+02, 1.2E+02, 1.2E+02, 5.3E+01, 2.7E-06, 2.0E-06, 1.6E-06, 2.1E-07, 3.4E-06, 3.0E-06, 5.2E-06, 8.1E-06, 5.0E-07, 2.4E-06, 3.0E-06, 2.5E-06, 3.2E-06, 3.3E-06, 3.7E-06, 4.1E-06, 4.1E-06, 3.8E-06, 3.6E-06, 1.2E-05, 6.3E-06, 4.5E-06, 4.2E-06, 3.0E-06, 3.0E-06, 3.0E-06, 1.7E-06, 3.1E-07, 4.6E-06, 2.6E-06, 3.5E-06, 1.9E+01, 1.9E+01, 1.9E+01, 1.9E+01, 1.9E+01, 1.9E+01, 4.6E-08, 4.7E-08, 4.9E-08, 5.0E-08, 5.1E-08, 5.3E-08, 7.4E-08, 7.6E-08, 7.8E-08, 8.0E-08, 9.6E-08, 1.7E-07, 1.7E-07, 2.2E-07, 1.0E-05, 1.0E+02, 1.0E+02, 1.0E+02, 1.0E+02, 1.0E+02, 1.0E+02, 1.0E+02, 1.0E+02, 1.0E+02, 1.0E+02, 1.0E+02, 1.0E+02, 1.0E+02, 1.0E+02, 5.0E-06, 6.0E-07, 2.9E-07, 1.9E-07, 1.5E-07, 1.2E-07, 1.0E-07, 9.2E-08, 8.5E-08, 7.9E-08, 2.2E-07, 2.9E-06, 2.1E-07, 2.2E-07, 2.4E-07, 2.6E-07, 6.4E-07, 1.9E-06, 2.6E-06, 1.6E-07, 1.7E-07, 1.7E-07, 1.7E-07, 2.1E-07, 2.1E-07, 2.2E-07, 2.2E-07, 2.3E-07, 2.4E-07, 2.4E-07, 2.5E-07, 2.6E-07, 2.8E-07, 2.9E-07, 3.0E-07, 3.1E-07, 3.2E-07, 3.3E-07, 3.3E-07, 3.6E-07, 3.6E-07, 3.7E-07, 3.7E-07, 4.2E-07, 4.3E-07, 3.7E-07, 3.8E-07, 2.9E-07, 2.8E-07, 3.3E-07, 3.9E-07, 4.6E-07, 5.3E-07, 5.4E-07, 2.4E-07, 2.6E-07, 2.9E-07, 3.1E-07, 3.4E-07, 4.2E-07, 3.4E-07, 3.5E-07, 3.6E-07, 3.9E-07, 3.7E-07, 9.0E-07, 2.4E-06, 3.0E-06, 1.2E+02, 1.2E+02, 1.2E+02, 1.2E+02, 1.2E+02, 1.2E+02, 1.2E+02, 2.9E+01, 7.3E-07, 1.4E-07, 1.7E-06, 4.2E-08, 6.0E-07, 6.5E-07, 6.9E-07, 7.4E-07, 8.0E-07, 7.6E-08, 9.5E-07, 3.1E-08, 9.8E-08, 8.8E-08, 1.2E-07, 9.1E-08, 4.3E-07, 9.1E-08, 1.2E-06, 1.6E-08, 1.9E-07, 2.7E-07, 2.2E-07, 1.6E-06, 1.4E-05, 6.6E-06, 9.6E+01, 1.9E+01, 2.4E+01, 1.9E+01, 1.9E+01, 1.9E+01, 1.9E+01, 1.9E+01, 1.2E+02, 1.0E+02, 1.0E+02, 1.2E-07, 1.2E-07, 1.2E-07, 1.2E-07, 1.6E-07, 5.0E-08, 1.0E+02, 1.0E+02, 1.0E+02, 1.0E+02, 1.0E+02, 1.0E+02, 1.0E+02, 1.0E+02, 1.0E+02, 1.0E+02, 1.0E+02, 1.0E+02, 1.0E+02, 1.0E+02, 1.0E+02, 1.0E+02, 1.0E+02, 1.0E+02, 1.0E+02, 4.1E+01, 1.0E-07, 5.0E-08, 4.0E-08, 3.0E-08, 2.5E-08, 2.3E-08, 2.1E-08, 2.0E-08, 2.0E-08, 1.9E-08, 1.8E-08, 1.9E-08, 1.9E-08, 1.9E-08, 2.0E-08, 2.3E-08, 2.6E-08, 2.3E-08, 2.6E-08, 2.8E-08, 3.1E-08, 3.4E-08, 3.7E-08, 3.9E-08, 4.2E-08, 4.4E-08, 4.6E-08, 4.8E-08, 4.9E-08, 5.1E-08, 5.4E-08, 5.7E-08, 6.0E-08, 6.2E-08, 6.4E-08, 6.6E-08, 6.8E-08, 7.0E-08, 7.2E-08, 7.4E-08, 7.6E-08, 7.7E-08, 7.9E-08, 9.9E-08, 1.0E-07, 1.0E-07, 1.0E-07, 1.1E-07, 1.1E-07, 1.7E-07, 1.4E-08, 7.1E-07, 4.7E+01, 1.0E+02, 1.0E+02, 1.0E+02, 1.0E+02, 1.0E+02, 1.0E+02, 1.2E+02, 1.2E+02, 1.2E+02, 1.2E+02, 1.2E+02, 1.2E+02, 1.2E+02, 1.2E+02, 1.2E+02, 1.2E+02, 1.2E+02, 1.2E+02, 1.2E+02, 3.0E+01, 1.9E+01, 1.9E+01, 1.9E+01, 1.9E+01, 1.9E+01, 1.9E+01, 1.9E+01, 1.9E+01, 1.9E+01, 1.8E-08, 1.8E-08, 1.8E-08, 1.8E-08, 1.8E-08, 1.8E-08, 1.9E-08, 2.2E-08, 2.5E-08, 2.4E-08, 2.7E-08, 3.1E-08, 3.4E-08, 3.5E-08, 3.8E-08, 3.9E-08, 4.1E-08, 4.2E-08, 4.3E-08, 4.4E-08, 4.4E-08, 4.5E-08, 4.6E-08, 4.7E-08, 4.9E-08, 5.0E-08, 6.8E-08, 7.0E-08, 8.4E-08, 9.7E-08, 1.2E-07, 1.7E-07, 1.9E-07, 7.6E-09, 4.0E-07, 8.1E-08, 1.0E+02, 1.0E+02, 1.0E+02, 1.0E+02, 1.0E+02, 1.2E+02, 1.2E+02, 1.2E+02, 1.2E+02, 1.2E+02, 1.2E+02, 1.2E+02, 1.2E+02, 1.9E+01, 1.9E+01, 1.9E+01, 1.9E+01, 1.9E+01, 1.9E+01, 1.9E+01, 6.8E-08, 6.2E-08, 5.8E-08, 5.5E-08, 5.2E-08, 5.0E-08, 4.9E-08, 4.8E-08, 4.8E-08, 4.8E-08, 4.8E-08, 4.9E-08, 5.0E-08, 5.0E-08, 5.1E-08, 5.2E-08, 5.4E-08, 5.5E-08, 5.7E-08, 5.7E-08, 5.9E-08, 6.0E-08, 6.1E-08, 6.2E-08, 6.4E-08, 6.5E-08, 6.6E-08, 6.7E-08, 8.8E-08, 9.0E-08, 9.2E-08, 9.5E-08, 9.7E-08, 9.8E-08, 1.0E-07, 1.0E-07, 1.0E-07, 1.0E-07, 1.1E-07, 1.1E-07, 1.1E-07, 1.1E-07, 1.5E-07, 1.1E-07, 1.2E-07, 1.2E-07, 1.2E-07, 5.0E-06, 7.0E-06, 7.1E-06, 6.1E-06, 1.4E-05, 7.8E-06, 6.6E-06, 3.6E-06, 3.8E-06, 1.1E-06, 8.9E-07, 2.4E-05, 7.4E-06, 2.0E-06, 1.8E-06, 1.5E-06, 5.9E-07, 4.1E-07, 4.7E-06, 1.2E-06, 2.9E-07, 3.1E-07, 2.2E-07, 1.5E-06, 4.5E-07, 1.2E-06, 1.0E-06, 3.8E-07, 2.7E-07, 2.9E-07, 1.1E-06, 3.2E-07, 6.3E-06, 9.1E-07, 5.0E-07, 1.2E+02, 1.2E+02, 1.2E+02, 1.2E+02, 1.2E+02, 1.2E+02, 1.2E+02, 1.2E+02, 1.2E+02, 1.2E+02, 1.2E+02, 6.2E-07, 7.2E-07, 8.7E-07, 3.2E-08, 3.8E-08, 1.9E-08, 2.5E-08, 3.5E-08, 4.9E-08, 7.1E-08, 1.2E-07, 2.1E-07, 8.2E-07, 8.6E-07, 8.9E-07, 9.5E-07, 1.0E-06, 2.2E-08, 7.3E-07, 1.5E-07, 8.8E-07, 1.3E-07, 9.9E-07, 2.8E-07, 1.1E-06, 2.8E-07, 4.5E-07, 5.6E-07, 2.0E-05, 1.9E+01, 1.1E-07, 1.1E-07, 1.3E-07, 1.7E-07, 1.7E-07, 1.6E-07, 1.2E-07, 1.1E-07, 1.7E-07, 1.2E-07, 4.5E-07, 1.1E-06, 8.9E-06, 1.7E-06, 1.0E+02, 1.0E+02, 1.0E+02, 1.0E+02, 1.0E+02, 1.0E+02, 1.0E+02, 1.0E+02, 1.0E+02, 1.0E+02, 1.0E+02, 1.0E+02, 1.0E+02, 1.0E+02, 1.0E+02, 1.0E+02, 1.0E+02, 1.0E+02, 1.0E+02, 2.1E+00, 2.1E-07, 8.5E-08, 5.5E-08, 4.2E-08, 3.6E-08, 3.2E-08, 3.0E-08, 2.9E-08, 2.9E-08, 3.0E-08, 3.4E-08, 3.9E-08, 4.4E-08, 5.0E-08, 5.6E-08, 6.2E-08, 6.7E-08, 7.1E-08, 6.0E-08, 6.3E-08, 6.5E-08, 6.7E-08, 1.6E-08, 7.0E-08, 7.3E-08, 7.6E-08, 7.9E-08, 1.0E-07, 7.4E-09, 1.0E-08, 9.7E-08, 8.6E-08, 8.7E-08, 8.7E-08, 8.9E-08, 9.1E-08, 1.0E-07, 1.1E-07, 3.6E-09, 7.3E-08, 1.4E-07, 1.0E+02, 1.0E+02, 1.0E+02, 1.0E+02, 1.0E+02, 1.0E+02, 1.0E+02, 1.0E+02, 1.0E+02, 1.0E+02, 1.0E+02, 1.0E+02, 1.0E+02, 1.0E+02, 1.0E+02, 1.2E+02, 1.2E+02, 1.0E+02, 1.0E+02, 1.0E+02, 4.8E+01, 1.7E-07, 7.2E-08, 4.8E-08, 3.7E-08, 3.1E-08, 2.8E-08, 2.6E-08, 2.4E-08, 2.3E-08, 2.3E-08, 2.4E-08, 2.7E-08, 2.9E-08, 2.5E-08, 2.7E-08, 2.8E-08, 3.0E-08, 3.2E-08, 3.4E-08, 3.5E-08, 3.7E-08, 3.8E-08, 4.0E-08, 4.2E-08, 4.5E-08, 4.7E-08, 4.9E-08, 5.0E-08, 5.0E-08, 5.1E-08, 5.2E-08, 5.3E-08, 5.5E-08, 5.7E-08, 5.9E-08, 8.1E-08, 8.3E-08, 8.6E-08, 8.8E-08, 9.1E-08, 9.3E-08, 9.5E-08, 9.6E-08, 9.8E-08, 1.1E-07, 2.6E-07, 4.8E-07, 2.5E-08, 1.1E-07, 1.6E-06, 6.9E-07, 3.0E-06, 1.2E+02, 1.2E+02, 1.2E+02, 1.2E+02, 1.2E+02, 1.2E+02, 1.2E+02, 1.2E+02, 1.2E+02, 1.2E+02, 1.2E+02, 1.2E+02, 1.2E+02, 1.2E+02, 1.2E+02, 2.4E+01, 9.3E-07, 2.1E-07, 7.3E-07, 5.4E-05, 1.0E-05, 1.9E+01, 1.9E+01, 1.9E+01, 1.9E+01, 1.9E+01, 1.9E+01, 1.9E+01, 1.9E+01, 1.9E+01, 1.9E+01, 1.9E+01, 1.9E+01, 1.9E+01, 1.9E+01, 1.9E+01, 3.8E-08, 3.9E-08, 4.0E-08, 4.1E-08, 4.2E-08, 4.3E-08, 4.4E-08, 4.5E-08, 4.6E-08, 4.6E-08, 4.7E-08, 4.8E-08, 6.2E-08, 6.5E-08, 6.7E-08, 6.9E-08, 7.1E-08, 7.3E-08, 7.4E-08, 7.5E-08, 7.6E-08, 7.7E-08, 7.9E-08, 8.1E-08, 8.3E-08, 8.4E-08, 8.6E-08, 8.8E-08, 8.9E-08, 9.1E-08, 9.2E-08, 9.4E-08, 9.5E-08, 9.6E-08, 9.7E-08, 9.8E-08, 9.9E-08, 1.0E-07, 1.2E-07, 1.3E-07, 1.0E-07, 1.0E-07, 1.0E-07, 1.0E-07, 1.1E-07, 1.1E-07, 1.1E-07, 1.2E-07, 1.2E-07, 1.2E-07, 1.3E-07, 1.3E-07, 1.3E-07, 1.3E-07, 1.3E-07, 1.5E-07, 1.8E-07, 2.0E-07, 2.2E-07, 2.4E-07, 2.5E-07, 2.5E-07, 2.6E-07, 2.9E-07, 3.3E-07, 3.8E-07, 5.0E-07, 8.0E-09, 1.1E-08, 1.4E-08, 1.8E-08, 6.8E-08, 3.0E-07, 1.7E-08, 1.8E-07, 1.4E-07, 2.1E-08, 5.3E-08, 3.6E-08, 1.8E-07, 8.6E-07, 1.7E-07, 7.3E-08, 2.4E-08, 1.8E-06, 2.3E-07, 1.0E+02, 1.0E+02, 1.0E+02, 1.0E+02, 1.0E+02, 1.0E+02, 1.0E+02, 1.0E+02, 1.0E+02, 1.0E+02, 1.2E+02, 1.2E+02, 1.2E+02, 7.2E+01, 1.4E-07, 2.5E-06, 6.5E+00, 2.8E+01, 3.8E+01, 4.3E-06, 3.8E-07, 7.1E-08, 7.3E-08, 7.0E-08, 6.6E-08, 6.3E-08, 6.0E-08, 5.1E-08, 4.9E-08, 4.8E-08, 4.9E-08, 4.9E-08, 5.1E-08, 5.1E-08, 5.2E-08, 7.0E-08, 6.1E-09, 6.9E-07, 1.0E+02, 1.0E+02, 1.0E+02, 1.0E+02, 1.0E+02, 1.0E+02, 1.0E+02, 1.0E+02, 1.0E+02, 1.0E+02, 1.0E+02, 1.0E+02, 1.0E+02, 1.0E+02, 1.0E+02, 5.4E-07, 1.8E-07, 1.9E-07, 1.3E-07, 9.9E-08, 8.3E-08, 7.4E-08, 6.8E-08, 6.4E-08, 6.0E-08, 5.9E-08, 6.5E-08, 7.1E-08, 7.6E-08, 8.0E-08, 8.4E-08, 8.6E-08, 8.8E-08, 9.0E-08, 7.1E-08, 7.2E-08, 7.2E-08, 7.3E-08, 7.5E-08, 7.6E-08, 7.7E-08, 7.7E-08, 7.8E-08, 7.9E-08, 8.1E-08, 8.2E-08, 8.3E-08, 8.5E-08, 8.7E-08, 8.8E-08, 9.0E-08, 9.2E-08, 9.3E-08, 9.4E-08, 9.6E-08, 9.7E-08, 2.4E-07, 1.1E-06, 6.5E+00, 6.5E+00, 6.5E+00, 1.9E+01, 1.2E+02, 1.2E+02, 1.2E+02, 1.2E+02, 1.2E+02, 1.2E+02, 1.2E+02, 1.2E+02, 1.2E+02, 1.2E+02, 1.2E+02, 1.2E+02, 1.2E+02, 1.2E+02, 1.2E+02, 1.2E+02, 1.0E+02, 3.2E-07, 9.3E-08, 5.6E-08, 4.2E-08, 4.0E-08, 3.4E-08, 3.0E-08, 2.8E-08, 2.3E-08, 2.2E-08, 2.3E-08, 2.4E-08, 2.6E-08, 2.7E-08, 2.8E-08, 3.0E-08, 3.1E-08, 3.3E-08, 3.4E-08, 3.6E-08, 3.7E-08, 3.8E-08, 4.0E-08, 4.2E-08, 4.4E-08, 4.5E-08, 4.7E-08, 4.9E-08, 5.0E-08, 5.6E-08, 6.1E-08, 6.4E-08, 6.6E-08, 8.2E-08, 8.3E-08, 8.5E-08, 8.6E-08, 8.8E-08, 9.0E-08, 9.2E-08, 9.4E-08, 9.6E-08, 9.8E-08, 9.9E-08, 1.0E-07, 1.0E-07, 3.2E-07, 3.1E-07, 3.0E-07, 3.0E-07, 2.5E-07, 3.1E-07, 3.1E-07, 3.0E-07, 3.0E-07, 3.0E-07, 4.6E-07, 1.8E-07, 3.9E-07, 1.6E-07, 1.2E+02, 1.2E+02, 1.2E+02, 1.2E+02, 1.2E+02, 1.2E+02, 1.2E+02, 1.2E+02, 1.2E+02, 1.2E+02, 1.2E+02, 1.2E+02, 1.2E+02, 1.2E+02, 1.2E+02, 1.2E+02, 1.2E+02, 1.9E+01, 1.9E+01, 1.9E+01, 1.9E+01, 1.9E+01, 1.9E+01, 1.9E+01, 1.9E+01, 1.9E+01, 1.9E+01, 1.9E+01, 1.9E+01, 1.9E+01, 2.2E-08, 2.5E-08, 2.7E-08, 3.0E-08, 3.2E-08, 3.4E-08, 3.6E-08, 3.7E-08, 3.9E-08, 4.0E-08, 4.1E-08, 4.2E-08, 4.3E-08, 4.4E-08, 4.5E-08, 4.5E-08, 4.6E-08, 4.6E-08, 5.7E-08, 6.0E-08, 6.2E-08, 6.5E-08, 6.7E-08, 6.9E-08, 7.0E-08, 7.2E-08, 7.3E-08, 7.5E-08, 7.6E-08, 7.8E-08, 8.0E-08, 8.2E-08, 8.4E-08, 8.6E-08, 8.7E-08, 8.9E-08, 9.0E-08, 9.2E-08, 9.3E-08, 9.4E-08, 9.6E-08, 9.7E-08, 9.8E-08, 9.9E-08, 1.2E-07, 1.2E-07, 9.8E-08, 9.9E-08, 1.0E-07, 1.0E-07, 1.0E-07, 1.1E-07, 1.1E-07, 1.1E-07, 1.2E-07, 1.2E-07, 1.2E-07, 1.3E-07, 1.3E-07, 1.3E-07, 1.3E-07, 1.4E-07, 1.6E-07, 1.8E-07, 4.0E-07, 4.3E-07, 4.6E-07, 3.9E-07, 4.1E-07, 4.5E-07, 4.8E-07, 6.0E-07, 7.7E-07, 2.9E-07, 3.4E-07, 4.1E-07, 4.7E-07, 5.2E-07, 6.5E-07, 1.2E-06, 6.2E-07, 8.3E-07, 9.4E-07, 6.5E-07, 9.1E-07, 2.5E-07, 3.8E-08, 3.7E-08, 1.7E-07, 1.6E-07, 7.4E-08, 8.7E-06, 2.7E-07, 1.2E+02, 1.2E+02, 1.2E+02

Carbohydrate Events (76 total):
  - Week 1 Day 1 07:39: 107.5g (breakfast)
  - Week 1 Day 1 10:56: 13.2g (morning_snack)
  - Week 1 Day 1 13:01: 112.3g (lunch)
  - Week 1 Day 1 15:10: 12.4g (afternoon_snack)
  - Week 1 Day 1 19:10: 113.1g (dinner)
  - Week 1 Day 2 07:05: 101.4g (breakfast)
  - Week 1 Day 2 09:04: 11.1g (morning_snack)
  - Week 1 Day 2 13:17: 88.1g (lunch)
  - Week 1 Day 2 15:02: 11.1g (afternoon_snack)
  - Week 1 Day 2 18:01: 97.0g (dinner)
  - Week 1 Day 3 06:44: 114.7g (breakfast)
  - Week 1 Day 3 10:22: 15.7g (morning_snack)
  - Week 1 Day 3 12:15: 98.2g (lunch)
  - Week 1 Day 3 16:24: 13.0g (afternoon_snack)
  - Week 1 Day 3 18:02: 84.0g (dinner)
  - Week 1 Day 4 06:27: 110.3g (breakfast)
  - Week 1 Day 4 09:10: 18.4g (morning_snack)
  - Week 1 Day 4 12:27: 80.8g (lunch)
  - Week 1 Day 4 15:32: 13.6g (afternoon_snack)
  - Week 1 Day 4 18:44: 82.8g (dinner)
  - Week 1 Day 5 07:22: 90.1g (breakfast)
  - Week 1 Day 5 10:12: 19.5g (morning_snack)
  - Week 1 Day 5 13:06: 107.5g (lunch)
  - Week 1 Day 5 15:44: 16.1g (afternoon_snack)
  - Week 1 Day 5 18:52: 120.0g (dinner)
  - Week 1 Day 6 06:44: 113.5g (breakfast)
  - Week 1 Day 6 10:05: 18.4g (morning_snack)
  - Week 1 Day 6 12:01: 90.9g (lunch)
  - Week 1 Day 6 15:12: 20.0g (afternoon_snack)
  - Week 1 Day 6 19:51: 97.4g (dinner)
  - Week 1 Day 7 07:40: 86.5g (breakfast)
  - Week 1 Day 7 10:34: 15.2g (morning_snack)
  - Week 1 Day 7 12:37: 102.6g (lunch)
  - Week 1 Day 7 15:13: 10.3g (afternoon_snack)
  - Week 1 Day 7 18:21: 101.4g (dinner)
  - Week 2 Day 1 07:10: 120.0g (breakfast)
  - Week 2 Day 1 10:24: 19.8g (morning_snack)
  - Week 2 Day 1 13:39: 105.1g (lunch)
  - Week 2 Day 1 16:23: 19.7g (afternoon_snack)
  - Week 2 Day 1 18:58: 88.1g (dinner)
  - Week 2 Day 2 06:26: 93.3g (breakfast)
  - Week 2 Day 2 09:29: 16.7g (morning_snack)
  - Week 2 Day 2 12:02: 90.9g (lunch)
  - Week 2 Day 2 15:58: 12.5g (afternoon_snack)
  - Week 2 Day 2 19:16: 87.7g (dinner)
  - Week 2 Day 3 06:59: 82.8g (breakfast)
  - Week 2 Day 3 09:35: 18.2g (morning_snack)
  - Week 2 Day 3 12:19: 105.1g (lunch)
  - Week 2 Day 3 15:49: 11.8g (afternoon_snack)
  - Week 2 Day 3 18:03: 93.7g (dinner)
  - Week 2 Day 4 06:06: 119.6g (breakfast)
  - Week 2 Day 4 10:40: 11.0g (morning_snack)
  - Week 2 Day 4 13:04: 104.6g (lunch)
  - Week 2 Day 4 15:36: 14.1g (afternoon_snack)
  - Week 2 Day 4 19:39: 87.3g (dinner)
  - Week 2 Day 5 06:08: 89.3g (breakfast)
  - Week 2 Day 5 09:10: 12.7g (morning_snack)
  - Week 2 Day 5 13:58: 105.1g (lunch)
  - Week 2 Day 5 16:12: 18.5g (afternoon_snack)
  - Week 2 Day 5 19:38: 80.0g (dinner)
  - Week 2 Day 6 06:56: 110.3g (breakfast)
  - Week 2 Day 6 10:10: 12.1g (morning_snack)
  - Week 2 Day 6 12:50: 101.8g (lunch)
  - Week 2 Day 6 15:10: 14.2g (afternoon_snack)
  - Week 2 Day 6 18:00: 98.2g (dinner)
  - Week 2 Day 7 07:10: 86.9g (breakfast)
  - Week 2 Day 7 09:48: 17.8g (morning_snack)
  - Week 2 Day 7 12:32: 98.2g (lunch)
  - Week 2 Day 7 16:20: 12.7g (afternoon_snack)
  - Week 2 Day 7 18:12: 80.8g (dinner)
  - Week 3 Day 1 07:57: 86.9g (breakfast)
  - Week 3 Day 1 09:14: 18.4g (morning_snack)
  - Week 3 Day 1 13:07: 82.0g (lunch)
  - Week 3 Day 1 16:22: 14.6g (afternoon_snack)
  - Week 3 Day 1 19:26: 80.8g (dinner)
  - Week 3 Day 2 06:02: 118.0g (breakfast)

Running Events (15 total):
 - Week 1 Day 1 06:22: Running avg speed 5.0 mph for 30 min
 - Week 1 Day 2 06:22: Running avg speed 5.0 mph for 30 min
 - Week 1 Day 3 06:22: Running avg speed 5.0 mph for 30 min
 - Week 1 Day 4 06:22: Running avg speed 5.0 mph for 30 min
 - Week 1 Day 5 06:22: Running avg speed 5.0 mph for 30 min
 - Week 1 Day 6 06:22: Running avg speed 5.0 mph for 30 min
 - Week 1 Day 7 06:22: Running avg speed 5.0 mph for 30 min
 - Week 2 Day 1 06:22: Running avg speed 5.0 mph for 30 min
 - Week 2 Day 2 06:22: Running avg speed 5.0 mph for 30 min
 - Week 2 Day 3 06:22: Running avg speed 5.0 mph for 30 min
 - Week 2 Day 4 06:22: Running avg speed 5.0 mph for 30 min
 - Week 2 Day 5 06:22: Running avg speed 5.0 mph for 30 min
 - Week 2 Day 6 06:22: Running avg speed 5.0 mph for 30 min
 - Week 2 Day 7 06:22: Running avg speed 5.0 mph for 30 min
 - Week 3 Day 1 06:22: Running avg speed 5.0 mph for 30 min

Cycling Events (15 total):
  - Week 1 Day 1 17:55: Cycling avg power 90.0 for 20 min
  - Week 1 Day 2 16:16: Cycling avg power 90.0 for 20 min
  - Week 1 Day 3 17:24: Cycling avg power 90.0 for 20 min
  - Week 1 Day 4 16:24: Cycling avg power 90.0 for 20 min
  - Week 1 Day 5 17:53: Cycling avg power 90.0 for 20 min
  - Week 1 Day 6 17:24: Cycling avg power 90.0 for 20 min
  - Week 1 Day 7 17:26: Cycling avg power 90.0 for 20 min
  - Week 2 Day 1 17:44: Cycling avg power 90.0 for 20 min
  - Week 2 Day 2 17:38: Cycling avg power 90.0 for 20 min
  - Week 2 Day 3 17:18: Cycling avg power 90.0 for 20 min
  - Week 2 Day 4 16:44: Cycling avg power 90.0 for 20 min
  - Week 2 Day 5 17:27: Cycling avg power 90.0 for 20 min
  - Week 2 Day 6 16:21: Cycling avg power 90.0 for 20 min
  - Week 2 Day 7 16:25: Cycling avg power 90.0 for 20 min
  - Week 3 Day 1 17:11: Cycling avg power 90.0 for 20 min



Question: What’s the expected glucose change 15 minutes after a morning run session?

Instructions: Assume the running exercise event immediately starts and the running duration is 30 minutes. Predict the change in blood glucose values in the next 15 minutes after the run is completed. Return the change in blood glucose value as a float value

Expected Answer Type: float

Example Answer: 37.02601655853212

Please analyze the data carefully and provide your answer as a **json object** in the exact format specified by the answer type. Be precise and base your response only on the data provided.

Conclude your analysis with: 
```json 
{"answer": your answer here}
```