You are a medical AI assistant analyzing diabetes management data. Based on the patient's health data, answer the following question accurately.

PATIENT DATA OVERVIEW:
This data represents a continuous glucose monitoring (CGM) session for a diabetes patient. The data includes:
- Blood glucose readings taken every 5 minutes, begining at Week 1, Day 1, 00:00 (normal range: 70-180 mg/dL)
- Carbohydrate intake events with timing and amounts
- Insulin delivery events (basal background insulin and bolus meal insulin)
- Physical activity events (running/cycling with duration and intensity)

The data may contain various artifacts, sensor issues, or abnormal patterns that need to be identified and analyzed.

Patient Health Data:

Blood Glucose Readings (mg/dL, every 5 minutes): 4526 readings
  Values: 108.0, 108.0, 108.0, 108.0, 108.0, 108.0, 108.0, 108.0, 108.0, 108.0, 108.1, 108.1, 108.2, 108.3, 108.4, 108.6, 108.7, 108.9, 109.1, 109.3, 109.4, 109.6, 109.7, 109.8, 109.9, 110.0, 110.1, 110.1, 110.2, 110.2, 110.2, 110.2, 110.2, 110.2, 110.2, 110.2, 110.2, 110.2, 110.2, 110.1, 110.1, 110.1, 110.1, 110.1, 110.1, 110.1, 110.1, 110.1, 110.1, 110.1, 110.1, 110.1, 110.1, 110.1, 110.1, 110.1, 110.1, 110.1, 110.1, 110.1, 110.1, 110.1, 110.1, 110.1, 110.1, 110.1, 110.1, 110.1, 110.1, 110.1, 110.1, 110.1, 110.1, 110.1, 110.1, 110.1, 110.1, 110.1, 108.8, 101.1, 91.3, 82.0, 74.2, 68.1, 64.2, 66.3, 71.4, 77.0, 82.0, 86.2, 89.7, 92.6, 94.9, 96.7, 98.2, 99.5, 101.1, 102.9, 105.3, 108.2, 111.7, 115.9, 120.7, 125.7, 130.9, 136.1, 141.2, 146.0, 150.4, 154.5, 158.0, 161.0, 163.5, 165.5, 166.9, 167.7, 168.0, 167.8, 167.2, 166.1, 164.7, 163.2, 162.2, 161.5, 160.9, 160.2, 159.3, 158.2, 156.8, 155.1, 153.2, 151.2, 149.0, 146.7, 144.3, 141.8, 139.4, 136.9, 134.5, 132.1, 129.8, 127.5, 125.3, 123.1, 121.1, 119.1, 117.2, 115.5, 113.8, 112.2, 110.7, 109.6, 108.9, 108.6, 108.8, 109.6, 110.9, 112.8, 115.2, 118.1, 121.5, 125.1, 128.9, 132.7, 136.5, 140.1, 143.6, 146.8, 149.8, 152.4, 154.8, 156.8, 158.4, 159.7, 160.6, 161.1, 161.2, 161.0, 160.5, 159.6, 158.4, 156.8, 155.1, 153.0, 150.8, 148.4, 145.9, 143.2, 140.5, 137.7, 134.8, 131.9, 129.0, 126.1, 123.5, 121.2, 118.8, 115.9, 113.5, 111.7, 107.9, 103.7, 99.7, 96.9, 94.8, 94.5, 93.1, 92.7, 90.9, 90.3, 88.2, 87.6, 85.1, 84.8, 81.8, 82.2, 79.4, 78.7, 76.5, 76.2, 73.5, 74.1, 72.3, 70.0, 70.4, 68.3, 67.7, 66.0, 65.9, 63.8, 64.4, 63.1, 61.0, 61.9, 61.2, 60.8, 61.5, 64.9, 68.8, 73.3, 78.5, 84.3, 90.9, 98.4, 106.6, 115.7, 125.7, 136.5, 148.1, 160.4, 173.3, 185.2, 195.3, 204.0, 211.3, 217.4, 222.6, 226.8, 230.3, 233.1, 235.3, 237.0, 238.3, 239.2, 239.8, 240.1, 240.2, 240.2, 239.9, 239.6, 239.1, 238.6, 237.9, 237.2, 236.4, 235.6, 234.8, 233.9, 233.0, 232.1, 231.1, 230.1, 229.1, 228.1, 227.1, 226.1, 225.1, 224.1, 223.1, 222.2, 221.3, 220.5, 219.8, 219.2, 219.9, 220.3, 220.7, 220.7, 220.1, 219.1, 217.9, 216.4, 215.0, 213.6, 212.3, 211.1, 210.0, 208.9, 207.7, 206.4, 204.9, 203.3, 201.5, 199.5, 197.3, 195.0, 192.5, 189.8, 187.0, 184.1, 181.1, 178.0, 174.8, 171.6, 168.4, 165.1, 161.9, 158.7, 155.5, 152.3, 149.2, 146.2, 143.3, 140.4, 137.7, 135.1, 132.7, 130.6, 128.7, 127.4, 126.7, 127.1, 128.3, 128.6, 129.2, 130.3, 131.8, 133.8, 136.2, 139.1, 142.5, 146.4, 150.7, 155.6, 160.9, 166.7, 173.1, 179.9, 187.2, 194.5, 200.8, 206.3, 211.0, 215.0, 218.4, 221.2, 223.6, 223.7, 223.4, 223.2, 223.3, 223.6, 224.0, 225.8, 227.9, 229.6, 230.8, 231.6, 232.3, 232.9, 237.1, 241.5, 246.6, 251.8, 257.2, 262.7, 268.3, 273.9, 278.8, 283.1, 287.0, 290.6, 294.2, 297.9, 301.6, 305.4, 309.3, 313.0, 316.6, 319.9, 323.0, 325.9, 329.1, 332.3, 335.3, 337.9, 340.0, 341.4, 342.2, 342.3, 341.7, 340.4, 338.5, 336.0, 332.9, 329.2, 325.2, 320.7, 315.9, 310.8, 305.6, 300.1, 294.6, 288.9, 283.3, 277.6, 272.0, 266.4, 261.0, 255.6, 250.3, 245.2, 240.2, 235.4, 230.7, 226.2, 221.9, 217.7, 213.7, 209.8, 206.2, 202.7, 199.3, 196.2, 193.3, 190.7, 188.5, 186.7, 185.5, 184.8, 184.6, 184.9, 185.6, 186.7, 188.0, 189.5, 191.0, 192.7, 194.3, 195.9, 197.4, 198.9, 200.2, 201.4, 202.4, 203.2, 203.9, 204.3, 204.5, 204.4, 204.0, 203.4, 202.6, 201.5, 200.3, 199.1, 197.9, 196.7, 195.3, 193.7, 191.8, 189.7, 187.5, 183.0, 178.0, 173.2, 168.7, 166.4, 164.9, 163.4, 161.8, 160.0, 158.2, 156.6, 155.6, 156.1, 159.1, 160.6, 162.8, 165.8, 169.5, 174.2, 179.9, 186.7, 194.1, 200.8, 206.9, 212.5, 217.7, 222.5, 227.0, 231.1, 234.9, 238.5, 241.9, 245.0, 247.9, 250.6, 253.1, 255.4, 257.5, 259.5, 261.2, 262.8, 264.2, 265.6, 266.9, 268.1, 269.3, 270.4, 271.4, 272.3, 273.1, 273.8, 274.3, 274.6, 274.4, 273.7, 272.5, 270.6, 268.1, 265.0, 271.3, 268.9, 274.5, 273.3, 277.8, 277.8, 281.6, 282.6, 285.7, 287.2, 289.8, 291.6, 293.7, 295.6, 297.5, 299.2, 301.0, 302.6, 304.2, 305.8, 307.3, 308.8, 310.3, 311.2, 311.8, 312.0, 311.9, 311.8, 311.7, 311.6, 311.6, 311.6, 311.7, 311.7, 311.6, 311.4, 310.9, 310.2, 309.2, 307.9, 306.3, 304.4, 302.2, 299.7, 296.9, 293.9, 290.7, 287.4, 283.9, 280.2, 276.5, 272.8, 269.0, 265.2, 261.4, 257.6, 253.8, 250.1, 246.5, 242.8, 239.3, 235.8, 232.4, 229.0, 225.7, 222.5, 219.3, 216.3, 213.3, 210.4, 207.6, 205.0, 202.4, 199.9, 197.5, 195.3, 193.1, 191.1, 189.1, 187.3, 185.5, 183.9, 182.4, 180.9, 179.6, 178.4, 177.2, 176.2, 175.2, 174.3, 173.4, 172.6, 171.9, 171.2, 170.6, 169.9, 169.4, 168.8, 168.3, 167.8, 167.3, 166.9, 166.5, 166.2, 165.9, 165.6, 165.3, 165.1, 164.9, 164.7, 164.6, 164.5, 164.0, 158.2, 151.6, 145.7, 141.2, 138.0, 136.5, 140.4, 146.5, 153.1, 159.7, 166.2, 172.4, 178.4, 183.9, 188.9, 193.4, 197.2, 200.4, 203.1, 205.1, 206.4, 207.3, 207.5, 207.2, 206.4, 205.0, 203.2, 200.9, 198.3, 195.3, 192.0, 188.4, 184.7, 180.9, 177.3, 173.8, 170.4, 167.0, 163.5, 159.9, 156.3, 152.5, 148.5, 144.3, 139.3, 134.5, 132.3, 127.7, 125.1, 120.6, 118.1, 113.6, 111.6, 106.9, 105.6, 100.4, 100.6, 97.5, 94.2, 90.5, 90.3, 87.1, 85.0, 83.2, 81.2, 79.8, 77.6, 76.9, 73.8, 74.8, 75.3, 80.2, 86.3, 93.2, 101.1, 110.1, 120.1, 131.3, 143.9, 157.9, 172.8, 186.1, 197.9, 208.4, 217.8, 226.2, 233.6, 240.2, 245.9, 250.8, 254.8, 258.2, 260.8, 262.8, 264.2, 264.8, 264.6, 263.7, 262.1, 259.9, 263.9, 265.2, 269.0, 270.9, 274.5, 276.9, 280.1, 282.7, 285.6, 288.3, 290.9, 293.4, 295.9, 298.2, 300.4, 302.5, 304.4, 306.3, 307.6, 308.4, 308.8, 308.8, 308.6, 308.4, 308.3, 308.6, 309.1, 309.6, 310.0, 310.1, 307.6, 304.1, 300.4, 296.9, 295.6, 295.0, 294.2, 292.7, 290.6, 287.8, 284.5, 280.6, 276.4, 271.8, 266.9, 261.9, 256.7, 251.4, 246.0, 240.6, 235.3, 229.9, 224.7, 219.5, 214.4, 209.3, 204.4, 199.5, 194.5, 189.5, 184.3, 178.7, 175.8, 172.7, 170.3, 168.0, 166.2, 164.7, 163.6, 162.6, 161.9, 161.3, 160.8, 160.2, 159.7, 159.1, 158.5, 157.8, 157.0, 156.2, 155.4, 154.4, 153.4, 152.3, 151.2, 150.0, 148.7, 147.4, 146.0, 144.6, 143.2, 141.7, 140.3, 138.7, 137.2, 135.7, 134.2, 132.6, 131.1, 129.6, 128.2, 126.7, 125.4, 124.0, 122.7, 121.4, 120.1, 118.9, 117.8, 116.7, 115.7, 114.7, 113.8, 112.9, 112.1, 111.4, 110.7, 110.0, 109.4, 108.9, 108.4, 108.0, 107.6, 107.3, 107.0, 106.8, 106.6, 106.5, 106.4, 106.4, 106.4, 106.5, 106.7, 106.8, 107.1, 107.3, 107.6, 107.9, 108.2, 108.6, 109.0, 109.5, 110.0, 110.5, 110.9, 111.1, 111.3, 111.4, 111.5, 111.5, 111.3, 111.1, 110.8, 110.3, 109.8, 109.3, 108.7, 108.0, 107.3, 106.5, 105.8, 105.0, 104.2, 103.4, 102.6, 101.9, 101.1, 100.4, 99.6, 98.9, 98.3, 97.6, 97.0, 96.4, 95.9, 95.4, 94.9, 94.5, 94.1, 93.7, 93.4, 93.1, 92.9, 92.7, 92.5, 92.4, 92.3, 92.0, 86.6, 80.3, 74.7, 70.1, 66.5, 63.9, 65.8, 69.5, 73.1, 76.2, 78.8, 80.9, 82.7, 84.2, 85.5, 86.7, 88.0, 89.4, 90.9, 92.7, 94.6, 96.9, 99.3, 101.8, 104.4, 106.9, 109.2, 111.3, 113.1, 114.6, 115.8, 116.6, 117.1, 117.2, 117.0, 116.4, 115.6, 114.5, 113.2, 111.6, 109.9, 107.9, 105.9, 103.7, 101.4, 99.0, 96.5, 93.5, 89.8, 88.9, 85.4, 84.9, 81.9, 82.1, 79.1, 79.1, 76.1, 75.9, 73.0, 72.4, 69.6, 69.0, 66.6, 64.4, 63.5, 61.2, 59.5, 57.6, 56.3, 53.6, 54.9, 59.1, 64.9, 71.9, 80.5, 90.7, 103.1, 118.0, 135.9, 156.4, 175.2, 192.4, 208.1, 222.3, 235.3, 247.0, 257.6, 267.0, 275.3, 282.5, 288.7, 293.9, 298.2, 301.7, 304.4, 306.4, 307.8, 308.6, 308.9, 308.7, 308.1, 306.9, 305.1, 302.7, 299.4, 295.3, 290.0, 285.6, 291.0, 284.6, 292.3, 285.7, 291.3, 285.7, 291.6, 286.0, 291.5, 286.6, 290.9, 287.4, 291.1, 288.9, 291.6, 290.7, 292.8, 293.2, 295.2, 296.5, 298.4, 300.0, 301.8, 303.6, 305.4, 307.1, 308.3, 308.7, 308.1, 307.4, 306.5, 307.0, 308.7, 310.7, 312.7, 314.4, 316.2, 317.9, 319.6, 321.3, 323.0, 324.5, 325.8, 327.0, 327.9, 328.6, 328.9, 328.9, 328.5, 327.8, 326.6, 325.1, 323.1, 320.7, 318.0, 315.0, 312.1, 309.3, 306.9, 304.9, 303.4, 302.5, 302.0, 301.9, 301.8, 301.7, 301.5, 301.2, 300.6, 299.7, 298.6, 297.0, 295.2, 293.0, 290.4, 287.6, 284.4, 281.0, 277.4, 273.5, 269.4, 265.2, 260.9, 256.4, 251.9, 247.3, 242.7, 238.1, 233.5, 228.8, 224.1, 219.3, 214.3, 208.7, 202.0, 198.3, 194.2, 190.2, 186.1, 182.2, 178.2, 174.4, 170.7, 167.2, 163.8, 160.5, 157.4, 154.4, 151.6, 149.0, 146.4, 144.1, 141.8, 139.7, 137.7, 135.8, 134.1, 132.5, 130.9, 129.5, 128.2, 127.0, 125.9, 124.9, 124.0, 123.1, 122.4, 121.7, 121.1, 120.6, 120.1, 119.7, 119.4, 119.1, 118.9, 118.7, 118.6, 118.4, 118.4, 118.3, 118.3, 118.3, 118.3, 118.3, 118.4, 118.5, 118.6, 118.8, 119.2, 119.7, 120.2, 120.9, 121.5, 122.1, 122.6, 123.2, 123.6, 123.9, 124.1, 124.2, 124.1, 123.8, 123.4, 122.8, 122.1, 121.3, 120.4, 119.4, 118.3, 117.1, 115.8, 114.6, 113.2, 111.9, 110.5, 109.2, 107.8, 106.5, 105.2, 103.8, 97.8, 91.0, 84.9, 79.7, 75.4, 71.8, 72.0, 73.7, 75.5, 76.9, 78.0, 78.9, 79.5, 79.9, 80.1, 80.1, 80.0, 79.8, 79.5, 79.3, 79.4, 80.0, 81.3, 83.6, 85.9, 88.6, 91.7, 95.4, 99.4, 103.8, 108.3, 113.1, 118.0, 123.1, 128.2, 133.5, 139.3, 145.6, 152.3, 159.2, 166.3, 173.5, 180.8, 188.2, 195.3, 201.4, 206.6, 210.9, 214.7, 217.8, 220.5, 222.8, 224.7, 226.4, 227.9, 229.1, 230.2, 231.2, 232.0, 232.8, 233.4, 234.0, 234.5, 234.9, 235.3, 235.6, 235.8, 236.0, 236.1, 236.1, 236.2, 236.1, 236.1, 236.1, 236.1, 236.1, 236.1, 236.2, 236.3, 236.3, 236.3, 236.2, 236.1, 235.8, 235.5, 236.5, 239.9, 242.4, 245.4, 248.6, 252.0, 255.4, 258.9, 262.4, 265.9, 268.7, 270.9, 272.6, 274.1, 275.4, 276.8, 278.1, 279.6, 281.1, 282.5, 283.9, 285.0, 286.0, 286.7, 287.4, 288.2, 288.9, 289.3, 289.3, 288.9, 287.9, 286.4, 284.5, 282.2, 279.4, 276.3, 272.9, 269.2, 265.3, 261.3, 257.0, 250.1, 242.8, 235.8, 229.3, 225.8, 223.3, 220.8, 218.1, 215.2, 212.2, 209.0, 205.8, 202.7, 199.5, 196.4, 193.4, 190.5, 187.6, 184.9, 182.2, 179.6, 177.1, 174.7, 172.4, 170.1, 167.8, 165.7, 163.7, 162.1, 160.9, 160.2, 160.1, 160.7, 161.8, 163.5, 165.6, 167.9, 170.3, 172.7, 175.1, 177.5, 179.7, 181.7, 183.5, 185.2, 186.6, 187.9, 188.9, 189.8, 190.5, 190.9, 191.2, 191.2, 190.9, 190.0, 188.7, 187.1, 186.0, 184.2, 182.4, 180.3, 178.0, 175.6, 173.1, 170.4, 167.8, 165.1, 162.3, 159.6, 156.9, 154.2, 151.5, 148.9, 146.4, 143.9, 141.5, 139.1, 136.9, 134.7, 132.6, 130.5, 128.6, 126.8, 125.0, 123.3, 121.7, 120.2, 118.8, 117.4, 116.2, 115.0, 113.9, 112.8, 111.8, 110.9, 110.1, 109.4, 108.7, 108.0, 107.5, 107.0, 106.5, 106.2, 105.8, 105.6, 105.4, 105.2, 105.1, 105.1, 105.1, 105.1, 105.2, 105.3, 105.6, 106.0, 106.5, 107.1, 107.6, 108.1, 108.6, 109.1, 109.4, 109.7, 109.9, 109.9, 109.8, 109.6, 109.2, 108.7, 108.0, 107.2, 106.4, 105.4, 104.3, 103.2, 102.0, 100.8, 99.5, 98.2, 96.9, 95.6, 94.3, 93.0, 91.7, 90.5, 89.3, 88.1, 86.9, 85.8, 84.7, 83.6, 82.6, 81.7, 80.8, 79.9, 79.1, 78.4, 77.7, 77.0, 76.4, 75.8, 75.3, 70.4, 64.6, 59.4, 55.0, 51.4, 49.0, 50.6, 54.0, 57.8, 61.7, 65.6, 69.3, 72.9, 76.4, 79.9, 83.3, 86.6, 89.7, 92.6, 95.4, 98.1, 100.5, 102.9, 105.0, 107.0, 108.9, 110.6, 112.1, 113.5, 114.8, 116.0, 117.0, 117.9, 118.6, 119.1, 119.5, 119.7, 119.8, 119.6, 119.3, 118.8, 118.2, 117.4, 116.7, 116.2, 116.0, 115.8, 115.8, 115.9, 116.3, 116.8, 117.6, 118.5, 119.7, 121.2, 122.9, 125.0, 127.5, 130.3, 133.6, 137.4, 141.7, 146.6, 152.1, 158.3, 165.3, 173.2, 182.0, 190.9, 198.7, 205.7, 212.0, 217.5, 222.5, 227.0, 231.0, 234.6, 237.9, 240.9, 243.5, 245.9, 248.0, 250.0, 251.7, 253.2, 254.5, 255.8, 256.9, 258.0, 259.1, 260.1, 261.1, 262.0, 262.9, 263.7, 264.4, 265.1, 265.5, 265.6, 265.3, 264.6, 263.4, 261.6, 259.4, 262.0, 263.6, 266.4, 268.5, 271.3, 273.5, 276.2, 278.5, 280.9, 283.1, 285.3, 287.5, 289.8, 292.2, 294.7, 297.0, 299.3, 301.4, 303.3, 305.1, 306.8, 308.3, 309.7, 310.6, 311.1, 311.1, 310.9, 310.5, 309.9, 309.3, 308.7, 308.0, 307.1, 303.6, 299.6, 295.7, 292.1, 291.3, 291.1, 290.7, 289.6, 288.0, 285.7, 282.9, 279.6, 276.0, 272.0, 267.7, 263.2, 258.6, 253.8, 248.9, 244.0, 239.0, 234.0, 229.0, 224.1, 219.3, 214.7, 210.4, 206.7, 203.5, 201.0, 199.2, 198.0, 197.3, 197.0, 196.8, 196.6, 196.0, 194.9, 192.7, 194.5, 193.6, 194.0, 193.1, 192.7, 191.7, 190.8, 189.5, 188.3, 186.8, 185.3, 183.6, 181.9, 180.0, 178.2, 176.3, 174.3, 172.3, 170.2, 168.2, 166.1, 164.0, 161.8, 159.7, 157.6, 155.5, 153.4, 151.3, 149.2, 147.2, 145.2, 143.3, 141.4, 139.6, 137.8, 136.1, 134.5, 132.9, 131.4, 129.9, 128.5, 127.2, 126.0, 124.8, 123.7, 122.6, 121.7, 120.7, 119.9, 119.1, 118.4, 117.8, 117.2, 116.6, 116.2, 115.8, 115.4, 115.1, 114.9, 114.7, 114.6, 114.6, 114.6, 114.6, 114.7, 114.9, 115.1, 115.4, 115.7, 116.0, 116.5, 117.2, 117.9, 118.6, 119.4, 120.0, 120.7, 121.2, 121.6, 121.9, 122.0, 121.9, 121.7, 121.2, 120.7, 119.9, 119.0, 118.0, 116.9, 115.7, 114.4, 113.0, 111.6, 110.1, 108.7, 107.1, 105.6, 104.1, 102.6, 101.1, 99.6, 98.2, 96.8, 95.4, 94.1, 92.8, 91.5, 90.3, 89.2, 88.1, 87.0, 86.1, 81.0, 75.2, 70.1, 65.6, 61.8, 59.1, 60.7, 63.5, 66.0, 68.1, 69.8, 71.5, 73.2, 75.0, 77.1, 79.4, 82.1, 85.2, 88.8, 92.8, 97.1, 101.7, 106.5, 111.4, 116.5, 121.7, 127.1, 132.5, 138.0, 143.6, 149.3, 155.1, 161.0, 167.0, 173.1, 179.4, 185.8, 192.3, 198.4, 203.6, 208.0, 211.7, 214.9, 217.5, 219.6, 221.4, 222.8, 224.0, 224.9, 225.5, 226.0, 226.5, 227.0, 227.4, 227.8, 227.9, 227.8, 227.6, 227.2, 226.7, 226.1, 225.4, 224.7, 223.9, 223.2, 222.5, 221.8, 222.3, 223.1, 223.8, 224.5, 225.0, 224.9, 224.4, 223.7, 223.0, 222.7, 222.7, 223.3, 224.3, 225.8, 227.7, 229.9, 232.3, 234.9, 237.4, 239.8, 241.9, 243.6, 244.9, 245.8, 246.2, 246.1, 245.6, 244.4, 242.9, 240.8, 238.3, 235.3, 232.1, 228.4, 224.5, 220.4, 216.0, 211.5, 207.1, 202.9, 199.0, 195.2, 191.3, 187.4, 183.2, 178.8, 173.6, 167.1, 163.9, 159.0, 155.3, 149.4, 144.4, 136.4, 131.9, 124.9, 123.6, 118.0, 119.3, 117.2, 117.6, 125.1, 134.5, 145.4, 158.3, 172.8, 185.9, 197.8, 208.6, 218.5, 227.4, 235.6, 243.1, 249.9, 256.2, 261.9, 267.1, 271.9, 276.2, 280.1, 283.6, 286.7, 289.5, 292.1, 294.4, 296.6, 298.6, 300.5, 302.2, 303.8, 305.2, 306.4, 307.3, 307.9, 308.1, 308.1, 307.5, 306.3, 304.3, 301.2, 296.8, 291.1, 296.9, 292.0, 300.6, 293.4, 301.2, 297.9, 304.7, 300.9, 308.1, 304.5, 311.0, 308.4, 313.6, 312.4, 316.0, 316.0, 318.6, 319.4, 321.2, 322.4, 323.9, 325.3, 326.7, 328.1, 329.5, 330.9, 332.3, 333.8, 335.3, 336.5, 337.4, 337.9, 338.3, 338.5, 338.8, 339.2, 339.7, 340.2, 340.8, 341.3, 341.8, 342.1, 342.2, 342.0, 341.5, 340.7, 339.6, 338.0, 336.1, 333.8, 331.2, 328.3, 325.0, 321.5, 317.8, 313.9, 309.8, 305.5, 301.2, 296.8, 292.4, 287.9, 283.4, 278.9, 274.4, 269.9, 265.5, 261.0, 256.7, 252.3, 248.0, 243.8, 239.6, 235.5, 231.5, 227.5, 223.7, 220.0, 216.3, 212.8, 209.4, 206.1, 202.9, 199.9, 197.0, 194.2, 191.5, 188.9, 186.5, 184.2, 182.0, 180.0, 178.0, 176.2, 174.5, 172.9, 171.4, 170.0, 168.7, 167.5, 166.4, 165.4, 164.6, 163.8, 163.0, 162.4, 161.9, 161.4, 161.0, 160.7, 160.4, 160.2, 160.1, 160.1, 160.1, 160.2, 160.3, 160.5, 160.5, 155.3, 149.3, 143.9, 139.8, 137.1, 135.8, 139.9, 146.2, 152.9, 159.6, 166.2, 172.6, 178.7, 184.3, 189.4, 194.0, 197.9, 201.1, 203.7, 205.7, 207.1, 207.9, 208.1, 207.8, 206.9, 205.6, 203.8, 201.5, 198.9, 196.0, 192.7, 189.3, 185.6, 181.8, 177.9, 173.9, 169.9, 165.9, 161.8, 157.7, 153.5, 149.2, 144.5, 138.7, 136.6, 132.5, 130.7, 127.6, 126.2, 123.3, 121.9, 119.0, 117.7, 114.5, 113.6, 110.0, 109.7, 105.3, 106.2, 103.2, 99.8, 100.1, 96.3, 96.7, 93.2, 93.4, 89.9, 91.1, 89.2, 86.3, 86.9, 84.2, 84.6, 81.9, 83.2, 81.5, 79.8, 80.2, 78.2, 79.2, 77.0, 78.0, 75.9, 77.1, 75.3, 75.9, 74.6, 75.2, 74.1, 74.7, 74.1, 75.0, 75.3, 76.9, 78.3, 80.6, 82.8, 85.5, 88.1, 90.9, 93.6, 96.4, 99.0, 101.5, 103.9, 106.4, 108.9, 111.6, 114.2, 116.7, 119.0, 121.1, 123.0, 124.7, 126.1, 127.3, 128.4, 129.2, 129.9, 130.4, 130.7, 130.9, 130.3, 128.3, 125.5, 122.9, 121.3, 121.0, 121.8, 122.4, 122.9, 122.9, 122.6, 122.1, 121.4, 120.5, 119.4, 118.3, 117.0, 115.7, 114.4, 113.0, 111.6, 110.2, 108.8, 107.3, 105.9, 104.6, 103.2, 101.9, 100.6, 99.3, 98.1, 96.9, 95.7, 94.5, 93.4, 92.3, 91.2, 90.1, 89.0, 88.0, 87.0, 86.1, 85.3, 84.8, 84.6, 84.7, 85.1, 85.9, 87.0, 88.6, 90.4, 92.6, 95.1, 97.7, 100.4, 103.1, 105.7, 108.3, 110.7, 113.0, 115.2, 117.1, 119.0, 120.7, 122.2, 123.6, 124.9, 126.1, 127.1, 128.1, 128.9, 129.7, 130.4, 131.0, 131.6, 132.2, 132.7, 133.2, 133.6, 134.0, 134.4, 134.7, 135.0, 135.3, 135.6, 135.9, 136.0, 136.1, 136.0, 135.8, 135.4, 134.9, 134.4, 133.8, 133.2, 132.7, 132.0, 131.4, 130.7, 130.0, 129.2, 128.4, 127.5, 126.6, 125.6, 124.7, 123.7, 122.6, 121.6, 120.5, 119.4, 118.3, 117.1, 116.0, 114.8, 113.7, 112.5, 111.4, 110.2, 109.1, 108.0, 106.9, 105.8, 104.8, 103.8, 102.9, 101.9, 101.1, 100.2, 99.4, 98.7, 97.9, 97.3, 96.7, 96.1, 95.5, 95.1, 94.6, 94.2, 93.9, 93.5, 93.3, 93.1, 92.9, 92.8, 92.7, 92.6, 92.6, 92.7, 92.7, 92.9, 93.0, 93.2, 93.4, 93.6, 93.8, 94.0, 94.2, 94.3, 94.3, 94.3, 94.2, 94.0, 93.7, 93.3, 92.4, 86.3, 79.2, 72.6, 67.0, 62.2, 58.1, 58.3, 60.0, 61.9, 63.5, 64.9, 66.4, 68.0, 69.8, 71.5, 73.1, 74.5, 76.3, 77.8, 79.2, 80.3, 81.2, 81.9, 82.3, 82.6, 82.6, 82.5, 82.1, 81.6, 81.0, 80.2, 79.3, 78.3, 77.3, 76.4, 75.6, 74.8, 73.9, 72.9, 71.8, 70.5, 69.2, 67.7, 66.3, 64.4, 63.5, 60.7, 61.2, 65.0, 71.0, 78.3, 87.0, 97.5, 110.1, 125.2, 143.1, 162.3, 179.9, 195.9, 210.5, 223.7, 235.7, 246.5, 256.2, 264.9, 272.7, 279.7, 285.7, 291.1, 295.6, 299.5, 302.8, 305.5, 307.5, 309.1, 310.1, 310.7, 310.9, 310.6, 310.0, 309.1, 307.8, 306.2, 304.0, 301.2, 297.5, 292.9, 287.2, 287.9, 288.9, 290.3, 291.8, 293.9, 296.1, 298.8, 301.7, 305.1, 308.7, 312.7, 316.9, 321.5, 326.4, 331.6, 336.8, 342.2, 347.6, 353.0, 358.3, 363.4, 368.1, 372.2, 376.1, 379.7, 383.3, 387.1, 391.3, 395.8, 400.3, 404.6, 408.7, 412.5, 415.9, 418.8, 421.2, 423.0, 424.4, 425.1, 425.3, 424.9, 423.8, 422.2, 420.0, 417.1, 411.6, 404.5, 397.0, 389.7, 384.1, 379.9, 375.8, 371.3, 366.3, 360.9, 355.1, 349.0, 342.7, 336.3, 329.8, 323.2, 316.7, 310.2, 303.7, 297.3, 291.0, 284.8, 278.8, 272.9, 267.3, 262.2, 257.6, 253.4, 249.9, 246.9, 244.5, 242.6, 241.2, 240.4, 239.9, 239.7, 239.7, 239.6, 239.5, 239.3, 238.8, 237.8, 236.3, 234.0, 232.1, 232.6, 231.1, 230.2, 228.5, 226.9, 224.9, 222.8, 220.6, 218.2, 215.8, 213.2, 210.6, 208.0, 205.3, 202.6, 199.9, 197.3, 194.6, 192.0, 189.4, 186.9, 184.4, 182.0, 179.7, 177.4, 175.3, 173.2, 171.1, 169.2, 167.4, 165.6, 163.9, 162.4, 160.9, 159.5, 158.1, 156.9, 155.8, 154.7, 153.7, 152.8, 152.0, 151.2, 150.6, 150.0, 149.5, 149.1, 148.7, 148.4, 148.2, 148.1, 148.0, 148.0, 148.1, 148.2, 148.6, 149.2, 150.0, 151.0, 152.1, 153.3, 154.5, 155.6, 156.7, 157.6, 158.3, 158.8, 159.2, 159.3, 159.3, 159.0, 158.6, 157.9, 157.0, 156.0, 154.7, 153.2, 151.6, 149.9, 148.0, 146.1, 144.0, 141.9, 139.8, 137.6, 135.5, 133.3, 131.1, 129.0, 126.9, 124.8, 122.8, 120.8, 118.8, 116.9, 115.1, 113.3, 111.5, 109.9, 108.2, 106.6, 105.1, 103.6, 102.1, 100.7, 99.3, 98.0, 96.7, 95.4, 94.3, 89.2, 83.6, 78.7, 74.3, 70.4, 68.0, 69.6, 72.6, 75.6, 78.7, 81.8, 85.1, 88.7, 92.5, 96.5, 101.0, 105.7, 110.8, 116.2, 121.9, 127.8, 134.0, 140.3, 146.9, 153.7, 160.6, 167.8, 175.1, 182.7, 190.5, 197.4, 203.3, 208.4, 212.7, 216.3, 219.4, 222.0, 224.1, 226.0, 227.5, 228.8, 229.9, 230.8, 231.5, 232.1, 232.6, 233.0, 233.4, 233.8, 234.2, 234.6, 234.9, 235.0, 235.1, 235.0, 234.8, 234.6, 234.2, 233.7, 233.2, 232.6, 232.0, 231.2, 230.5, 229.7, 228.8, 228.0, 227.0, 226.1, 225.1, 224.2, 223.2, 222.3, 221.3, 220.4, 219.6, 218.8, 218.2, 217.6, 218.3, 218.5, 218.2, 217.4, 216.4, 215.2, 214.1, 213.2, 212.5, 211.9, 211.5, 211.1, 210.8, 210.5, 210.3, 210.3, 210.4, 210.6, 210.9, 211.3, 211.9, 212.5, 213.2, 213.9, 214.6, 215.1, 215.3, 215.2, 214.8, 214.2, 213.6, 212.9, 212.2, 211.2, 209.9, 208.1, 205.9, 203.3, 200.3, 197.0, 193.4, 189.6, 185.5, 181.3, 177.4, 172.7, 171.0, 174.9, 180.5, 189.4, 198.0, 206.2, 213.7, 220.8, 227.6, 234.0, 240.2, 246.3, 252.2, 258.0, 263.7, 269.3, 274.8, 280.2, 285.5, 290.8, 295.9, 301.0, 305.2, 308.2, 310.3, 311.9, 313.0, 313.7, 314.3, 314.7, 315.0, 315.2, 315.4, 315.5, 315.5, 315.6, 315.6, 315.7, 315.7, 315.7, 315.7, 315.7, 315.7, 315.7, 315.7, 315.7, 315.7, 315.7, 315.7, 315.7, 315.7, 315.7, 315.7, 315.7, 315.7, 315.7, 315.7, 315.7, 315.7, 315.7, 315.7, 315.6, 315.1, 314.4, 313.5, 312.3, 310.9, 309.4, 307.7, 305.9, 303.9, 301.8, 299.3, 296.4, 293.1, 289.2, 284.7, 279.5, 279.4, 280.2, 280.8, 282.3, 283.5, 285.4, 287.1, 289.2, 291.3, 293.7, 296.1, 298.7, 301.4, 304.2, 307.1, 310.1, 313.2, 316.4, 319.3, 321.6, 323.6, 325.5, 327.5, 329.7, 332.3, 335.2, 338.3, 341.6, 345.0, 348.3, 351.4, 354.4, 357.1, 359.5, 361.6, 363.3, 364.6, 365.4, 365.8, 365.7, 365.1, 363.9, 362.3, 360.1, 357.3, 354.0, 350.2, 345.9, 341.0, 335.8, 330.1, 324.0, 317.7, 311.1, 304.3, 297.3, 290.3, 283.2, 276.2, 269.2, 262.2, 255.4, 248.7, 242.2, 235.8, 229.7, 223.7, 217.9, 212.4, 207.0, 201.9, 197.0, 192.3, 187.8, 183.4, 179.3, 175.4, 171.6, 167.9, 164.3, 160.7, 157.1, 153.3, 149.1, 144.9, 139.4, 131.7, 125.5, 119.7, 115.0, 112.1, 111.2, 112.4, 113.1, 113.8, 114.0, 114.1, 113.9, 113.6, 113.3, 113.0, 113.1, 113.5, 114.5, 116.0, 118.0, 120.4, 122.9, 125.6, 128.4, 131.1, 133.7, 136.3, 138.7, 140.9, 143.0, 144.9, 146.6, 148.1, 149.4, 150.5, 151.5, 152.3, 153.0, 153.9, 155.1, 156.4, 157.8, 159.0, 160.0, 160.8, 161.3, 161.7, 161.8, 161.7, 161.5, 161.1, 160.5, 159.9, 159.1, 158.3, 157.5, 156.6, 155.7, 154.7, 153.8, 152.9, 152.0, 151.1, 150.3, 149.4, 148.7, 147.9, 147.2, 146.6, 146.0, 145.5, 145.2, 145.3, 145.8, 146.9, 148.5, 150.6, 153.3, 156.5, 160.2, 164.0, 168.0, 171.9, 175.8, 179.4, 182.9, 186.0, 188.9, 191.5, 193.7, 195.5, 196.9, 197.9, 198.5, 198.8, 198.6, 198.0, 197.0, 195.6, 193.8, 191.8, 189.4, 186.7, 183.8, 180.7, 177.4, 174.0, 170.6, 167.6, 165.1, 162.8, 160.6, 158.4, 156.2, 153.8, 151.3, 148.8, 146.0, 143.2, 140.0, 136.5, 132.2, 130.1, 127.1, 124.7, 121.8, 119.2, 116.4, 114.0, 111.3, 109.0, 106.6, 104.4, 102.1, 100.2, 97.3, 94.3, 89.8, 86.9, 83.7, 82.8, 82.2, 82.5, 82.1, 82.7, 82.6, 83.8, 84.3, 86.2, 87.4, 90.0, 91.9, 94.9, 97.1, 100.2, 102.6, 105.6, 108.0, 110.8, 113.2, 115.7, 118.0, 120.4, 122.5, 124.7, 126.7, 128.7, 130.5, 132.3, 134.0, 135.6, 137.2, 138.6, 140.0, 141.3, 142.5, 143.6, 144.7, 145.8, 146.9, 148.1, 149.3, 150.5, 151.6, 152.6, 153.6, 154.5, 155.1, 155.6, 155.8, 155.8, 155.6, 155.2, 154.5, 153.6, 152.6, 151.4, 150.0, 148.5, 146.9, 145.2, 143.5, 141.6, 139.8, 137.9, 136.0, 134.0, 132.1, 130.3, 128.4, 126.6, 124.8, 123.0, 121.4, 119.7, 118.1, 116.6, 115.2, 113.8, 112.4, 111.1, 109.9, 108.8, 107.7, 106.7, 105.7, 104.8, 104.0, 103.2, 102.5, 101.8, 101.2, 100.7, 100.2, 99.8, 99.4, 99.1, 98.8, 98.6, 98.4, 98.3, 98.2, 98.2, 98.3, 98.3, 98.5, 98.6, 98.8, 99.1, 99.3, 99.5, 99.8, 100.0, 100.1, 100.3, 100.3, 100.3, 100.2, 100.0, 99.7, 99.4, 98.9, 98.3, 97.7, 97.0, 96.2, 95.4, 94.5, 93.6, 92.7, 91.7, 90.8, 89.8, 88.9, 87.9, 87.0, 86.1, 85.2, 84.3, 83.5, 82.7, 81.9, 81.1, 80.4, 79.8, 79.2, 78.3, 72.5, 65.8, 59.9, 55.3, 52.1, 50.0, 52.6, 57.1, 62.2, 67.4, 72.7, 78.0, 83.3, 88.5, 93.5, 98.2, 102.5, 106.5, 110.0, 113.3, 116.1, 118.5, 120.6, 122.3, 123.6, 124.6, 125.2, 125.4, 125.4, 125.0, 124.3, 123.3, 122.1, 120.7, 119.0, 117.1, 115.1, 112.8, 110.3, 107.5, 104.0, 102.1, 99.5, 97.5, 95.3, 93.8, 92.3, 91.2, 89.9, 88.8, 87.4, 86.2, 84.6, 83.5, 81.6, 80.6, 78.3, 77.8, 74.6, 75.4, 74.9, 79.1, 84.4, 90.7, 97.8, 106.0, 115.4, 126.1, 138.2, 152.0, 167.7, 181.9, 194.7, 206.1, 216.4, 225.7, 234.1, 241.5, 248.3, 254.2, 259.4, 263.9, 267.7, 270.9, 273.4, 275.4, 276.8, 277.7, 278.2, 278.1, 277.4, 276.1, 274.1, 271.5, 268.3, 267.6, 269.9, 269.9, 272.4, 272.9, 275.3, 276.1, 278.3, 279.4, 281.2, 282.4, 284.0, 285.2, 286.8, 288.5, 290.4, 292.2, 294.0, 295.8, 297.5, 299.1, 300.6, 302.0, 303.4, 304.7, 305.4, 305.8, 305.7, 305.4, 304.9, 304.4, 303.9, 303.3, 302.7, 302.1, 301.4, 300.5, 299.5, 298.2, 296.7, 294.9, 292.7, 287.8, 282.1, 276.6, 271.4, 268.8, 267.1, 265.2, 262.9, 260.2, 257.0, 253.5, 249.7, 245.6, 241.4, 237.1, 232.8, 228.6, 224.7, 221.0, 217.7, 214.8, 212.3, 210.2, 208.5, 207.1, 205.9, 204.9, 204.0, 203.0, 202.0, 200.9, 199.7, 198.1, 196.2, 193.6, 190.3, 190.3, 188.1, 186.9, 184.7, 182.8, 180.6, 178.4, 176.0, 173.7, 171.3, 168.9, 166.4, 164.0, 161.6, 159.1, 156.7, 154.3, 151.9, 149.5, 147.2, 144.9, 142.6, 140.3, 138.1, 136.0, 133.9, 131.9, 129.9, 127.9, 126.1, 124.3, 122.6, 120.9, 119.3, 117.8, 116.4, 115.0, 113.7, 112.5, 111.3, 110.2, 109.2, 108.2, 107.4, 106.5, 105.8, 105.0, 104.4, 103.8, 103.3, 102.8, 102.4, 102.1, 101.8, 101.5, 101.3, 101.2, 101.1, 101.0, 101.1, 101.1, 101.2, 101.4, 101.6, 101.8, 102.1, 102.4, 102.9, 103.5, 104.2, 104.8, 105.5, 106.1, 106.7, 107.2, 107.6, 107.9, 108.1, 108.1, 108.0, 107.7, 107.4, 106.8, 106.2, 105.4, 104.6, 103.6, 102.6, 101.5, 100.3, 99.2, 97.9, 96.7, 95.4, 94.2, 92.9, 91.7, 90.5, 89.3, 88.1, 87.0, 85.9, 84.8, 83.7, 82.8, 81.8, 80.9, 80.1, 79.3, 78.5, 77.8, 77.1, 76.5, 75.9, 75.4, 70.4, 64.6, 59.3, 54.8, 51.1, 48.5, 49.6, 52.2, 55.0, 57.9, 60.8, 63.6, 66.4, 69.4, 72.6, 76.1, 79.8, 83.6, 87.4, 91.3, 95.1, 98.9, 102.5, 106.0, 109.4, 112.6, 115.7, 118.6, 121.3, 124.0, 126.5, 128.9, 131.2, 133.3, 135.5, 137.5, 139.5, 141.5, 143.7, 146.2, 149.2, 152.3, 155.3, 158.4, 161.3, 164.0, 166.6, 169.1, 171.3, 173.4, 175.2, 176.9, 178.3, 179.6, 180.7, 181.5, 182.1, 182.5, 182.6, 182.4, 182.0, 181.4, 180.5, 179.6, 178.6, 177.7, 176.8, 175.9, 175.2, 174.5, 173.9, 173.3, 172.4, 171.4, 170.5, 170.0, 170.2, 171.1, 172.8, 175.2, 178.3, 181.9, 185.7, 189.7, 193.7, 197.4, 201.0, 204.2, 207.0, 209.4, 211.4, 212.8, 213.8, 214.2, 214.1, 213.6, 212.5, 211.0, 209.0, 206.7, 203.9, 200.9, 197.5, 193.9, 190.1, 186.2, 182.1, 177.9, 173.6, 169.3, 165.0, 161.0, 157.4, 154.2, 151.1, 147.8, 144.0, 138.7, 138.1, 133.2, 131.8, 126.7, 125.1, 119.6, 118.5, 112.5, 112.2, 108.1, 102.7, 103.1, 101.2, 103.7, 110.5, 118.3, 125.6, 133.9, 144.2, 157.2, 172.9, 187.6, 200.9, 213.0, 223.8, 233.6, 242.5, 250.6, 258.1, 264.9, 271.3, 277.2, 282.7, 287.8, 292.5, 296.9, 300.8, 304.4, 307.5, 309.8, 311.5, 312.7, 313.6, 314.2, 314.6, 314.9, 314.8, 314.4, 313.7, 312.6, 311.0, 308.9, 306.0, 302.4, 297.8, 292.0, 290.6, 293.2, 291.0, 295.3, 292.3, 297.8, 294.1, 300.1, 296.5, 302.1, 299.3, 303.9, 302.4, 305.7, 305.3, 307.6, 308.1, 309.8, 310.8, 312.2, 313.4, 314.7, 316.1, 317.5, 318.9, 320.3, 321.8, 323.4, 324.6, 325.5, 326.0, 326.3, 326.6, 326.9, 327.4, 328.0, 328.7, 329.4, 330.1, 330.8, 331.3, 331.6, 331.6, 331.3, 330.7, 329.8, 328.5, 326.8, 324.7, 322.2, 319.5, 316.4, 313.0, 309.3, 305.4, 301.3, 297.0, 292.6, 288.0, 283.3, 278.6, 273.8, 268.9, 264.0, 259.1, 254.3, 249.4, 244.7, 239.9, 235.3, 230.8, 226.3, 222.0, 217.8, 213.8, 209.8, 206.1, 202.4, 198.9, 195.5, 192.3, 189.2, 186.3, 183.5, 180.8, 178.3, 175.9, 173.7, 171.5, 169.5, 167.6, 165.8, 164.2, 162.6, 161.2, 159.9, 158.6, 157.5, 156.5, 155.5, 154.7, 153.9, 153.3, 152.7, 152.2, 151.8, 151.4, 151.2, 150.9, 150.8, 151.0, 151.4, 152.2, 153.2, 149.7, 145.7, 142.8, 141.3, 141.2, 142.6, 148.7, 156.5, 164.2, 171.1, 177.3, 182.8, 187.6, 191.6, 194.9, 197.5, 199.5, 200.8, 201.5, 201.6, 201.3, 200.4, 199.1, 197.4, 195.3, 192.8, 190.1, 187.1, 183.9, 180.6, 177.1, 173.5, 169.9, 166.4, 163.2, 160.2, 157.4, 154.6, 151.7, 148.7, 145.2, 141.1, 137.4, 135.6, 132.0, 129.7, 126.3, 123.9, 120.6, 118.3, 115.2, 113.0, 110.0, 108.1, 105.3, 103.6, 101.0, 99.6, 97.1, 96.0, 93.5, 92.9, 90.3, 90.2, 87.5, 87.8, 84.9, 85.8, 83.3, 83.3, 81.4, 81.7, 79.8, 80.3, 78.5, 79.1, 77.6, 78.4, 77.4, 78.6, 78.6, 80.3, 81.3, 83.6, 85.5, 88.2, 90.6, 93.5, 96.2, 99.0, 101.7, 104.4, 107.1, 109.6, 112.0, 114.3, 116.4, 118.5, 120.4, 122.1, 123.7, 125.2, 126.6, 127.8, 128.9, 129.8, 130.7, 131.5, 132.2, 132.9, 133.3, 133.6, 133.8, 133.7, 133.4, 133.0, 132.4, 131.7, 131.0, 130.2, 129.3, 128.4, 127.4, 126.3, 125.2, 124.0, 122.8, 121.8, 121.1, 120.7, 120.4, 120.2, 119.9, 119.6, 117.2, 114.1, 111.2, 108.6, 108.3, 108.9, 109.8, 110.3, 110.6, 110.5, 110.2, 109.7, 108.9, 108.0, 106.9, 105.5, 103.9, 102.1, 99.9, 98.5, 96.8, 95.1, 93.3, 91.6, 89.9, 88.1, 86.6, 85.3, 84.5, 84.2, 84.6, 85.5, 87.0, 88.9, 91.1, 93.3, 95.7, 98.0, 100.2, 102.3, 104.3, 106.1, 107.8, 109.3, 110.6, 111.7, 112.7, 113.5, 114.1, 114.5, 114.9, 115.0, 115.1, 115.0, 114.8, 114.6, 114.2, 113.7, 113.1, 112.5, 111.8, 111.1, 110.3, 109.5, 108.7, 107.8, 107.0, 106.1, 105.2, 104.4, 103.5, 102.7, 101.9, 101.1, 100.3, 99.6, 98.9, 98.2, 97.6, 97.0, 96.5, 95.9, 95.5, 95.0, 94.6, 94.3, 94.0, 93.7, 93.5, 93.3, 93.1, 93.0, 93.0, 93.0, 93.0, 93.0, 93.2, 93.3, 93.5, 93.8, 94.2, 94.8, 95.4, 96.1, 96.7, 97.3, 97.9, 98.5, 98.9, 99.3, 99.6, 99.7, 99.8, 99.7, 99.5, 99.2, 98.7, 98.2, 97.5, 96.7, 95.9, 94.9, 93.9, 92.8, 91.7, 90.5, 89.4, 88.2, 87.0, 85.7, 84.6, 83.4, 82.2, 81.1, 80.0, 78.9, 77.9, 76.9, 76.0, 75.1, 74.3, 73.4, 72.7, 71.9, 71.2, 70.6, 70.0, 69.4, 68.9, 68.4, 67.9, 67.4, 67.0, 66.6, 61.8, 56.1, 50.7, 46.3, 42.7, 40.1, 41.2, 43.7, 46.1, 48.0, 49.6, 51.0, 52.2, 53.4, 54.8, 55.7, 56.3, 57.0, 57.9, 59.1, 60.5, 62.1, 64.1, 66.4, 69.0, 71.8, 74.9, 78.3, 81.7, 85.2, 88.5, 91.8, 94.9, 97.8, 100.6, 103.1, 105.4, 107.5, 109.3, 111.0, 112.5, 113.8, 115.1, 116.3, 117.8, 119.4, 121.0, 122.6, 124.1, 125.4, 126.6, 127.7, 128.7, 129.6, 130.4, 131.2, 131.9, 132.6, 133.3, 133.9, 134.6, 135.2, 135.9, 136.5, 137.2, 137.9, 138.6, 139.3, 140.1, 141.2, 142.6, 144.5, 146.8, 149.6, 152.9, 156.6, 160.7, 164.9, 169.2, 173.3, 177.2, 180.9, 184.3, 187.4, 190.4, 193.2, 195.9, 198.3, 200.5, 202.6, 204.5, 206.2, 207.8, 209.0, 209.7, 210.1, 210.1, 210.1, 210.1, 210.3, 210.6, 210.9, 211.3, 211.7, 211.9, 212.0, 211.9, 211.5, 210.9, 210.0, 208.7, 207.2, 205.3, 203.2, 200.9, 198.3, 195.6, 192.7, 189.6, 186.5, 183.3, 180.1, 176.8, 173.6, 170.3, 167.1, 164.0, 161.0, 158.3, 155.9, 153.7, 151.7, 149.8, 145.8, 141.7, 137.9, 134.6, 133.9, 134.1, 134.6, 135.3, 136.3, 138.1, 139.1, 139.2, 139.6, 140.4, 141.7, 143.7, 146.5, 150.2, 154.8, 160.3, 166.9, 174.4, 183.1, 191.8, 199.4, 206.2, 212.0, 217.1, 221.5, 225.2, 228.4, 231.0, 233.3, 235.1, 236.6, 237.8, 238.7, 239.4, 239.9, 240.3, 240.5, 240.6, 240.6, 240.5, 240.3, 240.1, 239.8, 239.6, 239.3, 238.9, 238.6, 238.3, 238.0, 237.6, 237.3, 236.9, 236.6, 236.3, 235.9, 235.6, 235.2, 234.8, 234.4, 234.0, 233.5, 233.1, 232.6, 232.1, 231.5, 230.9, 230.3, 229.6, 229.0, 228.2, 227.5, 226.7, 225.8, 225.0, 224.1, 223.2, 222.2, 221.3, 220.4, 219.6, 218.7, 217.9, 217.2, 216.6, 216.0, 216.2, 216.0, 215.2, 214.1, 212.8, 211.6, 210.5, 209.6, 208.8, 208.2, 207.7, 207.1, 206.5, 205.7, 204.8, 203.7, 202.3, 200.7, 198.9, 196.9, 194.6, 192.2, 189.7, 187.0, 184.2, 181.3, 178.3, 175.3, 172.3, 169.3, 166.4, 163.4, 160.5, 157.6, 154.8, 152.1, 149.4, 146.8, 144.3, 141.9, 139.5, 137.3, 135.1, 133.1, 131.1, 129.2, 127.5, 125.8, 124.1, 122.6, 121.2, 119.8, 118.5, 117.3, 116.2, 115.2, 114.2, 113.3, 112.5, 111.7, 111.0, 110.4, 109.8, 109.3, 108.8, 108.4, 103.6, 98.0, 92.9, 88.7, 85.6, 83.3, 85.5, 89.7, 94.3, 98.8, 103.3, 108.0, 112.7, 117.6, 122.4, 127.2, 131.7, 136.0, 139.9, 143.5, 146.6, 149.4, 151.7, 153.6, 155.0, 156.0, 156.5, 156.7, 156.4, 155.7, 154.7, 153.4, 151.7, 149.8, 147.6, 145.3, 142.7, 139.9, 137.0, 133.9, 130.3, 126.1, 122.4, 120.1, 116.4, 114.1, 110.8, 109.0, 106.1, 104.7, 101.7, 100.6, 97.1, 96.9, 92.7, 93.2, 91.0, 89.4, 89.3, 94.9, 101.9, 110.0, 119.5, 130.3, 142.9, 157.3, 172.6, 186.4, 198.8, 209.8, 219.8, 228.7, 236.7, 243.8, 250.1, 255.7, 260.7, 265.2, 269.3, 272.9, 276.2, 279.1, 281.7, 283.9, 285.8, 287.4, 288.6, 289.4, 289.7, 289.5, 288.5, 286.6, 283.7, 279.8, 281.1, 283.9, 285.5, 288.8, 290.6, 294.0, 296.0, 299.2, 301.4, 304.3, 306.6, 309.2, 311.5, 313.8, 315.9, 318.0, 319.9, 321.8, 323.5, 325.1, 326.6, 328.0, 329.6, 331.6, 333.8, 335.8, 337.6, 338.9, 340.0, 340.9, 341.6, 342.1, 342.4

Insulin Readings (mU/minute, every 5 minutes): 4526 readings
  Values: 2.9E-05, 3.8E-05, 8.0E-10, 7.4E-09, 8.2E-09, 6.2E-09, 2.0E-07, 3.4E-07, 4.1E-09, 4.3E-05, 3.7E-06, 2.8E-06, 3.6E+01, 1.0E+02, 8.1E+01, 2.8E+01, 1.6E+01, 5.5E-01, 3.1E+00, 3.9E+00, 6.4E+00, 6.1E+00, 6.5E+00, 7.2E+00, 8.1E+00, 8.2E+00, 8.5E+00, 9.5E+00, 1.0E+01, 9.2E+00, 1.1E+01, 1.1E+01, 1.2E+01, 1.1E+01, 1.2E+01, 1.3E+01, 1.2E+01, 1.3E+01, 1.2E+01, 9.4E+00, 1.8E+01, 8.6E+00, 1.4E+01, 1.3E+01, 1.1E+01, 1.3E+01, 1.2E+01, 1.3E+01, 1.2E+01, 1.4E+01, 1.0E+01, 1.3E+01, 1.1E+01, 1.3E+01, 1.1E+01, 1.3E+01, 1.1E+01, 1.3E+01, 1.1E+01, 1.3E+01, 1.0E+01, 1.4E+01, 1.1E+01, 1.3E+01, 1.1E+01, 1.2E+01, 1.2E+01, 1.3E+01, 1.2E+01, 1.2E+01, 1.2E+01, 1.2E+01, 1.2E+01, 1.2E+01, 1.2E+01, 1.2E+01, 1.2E+01, 1.2E+01, 1.0E+02, 1.0E+02, 1.0E+02, 1.4E+01, 5.3E-09, 5.2E-09, 2.3E-07, 2.3E-07, 4.8E-09, 5.2E-09, 2.4E-08, 2.6E-08, 1.0E-08, 1.2E-08, 6.8E-09, 5.0E-11, 1.0E+02, 1.0E+02, 1.0E+02, 1.0E+02, 1.0E+02, 1.0E+02, 1.0E+02, 1.0E+02, 1.0E+02, 1.0E+02, 1.0E+02, 1.0E+02, 1.0E+02, 1.0E+02, 1.1E+02, 1.1E+02, 1.1E+02, 1.1E+02, 1.0E+02, 4.3E-07, 1.0E-07, 6.1E-08, 4.6E-08, 3.9E-08, 3.4E-08, 3.1E-08, 3.9E-08, 2.9E-08, 2.9E-08, 2.1E-08, 2.5E-08, 1.5E-08, 2.2E-08, 7.3E-08, 5.4E-07, 3.1E-06, 6.2E-06, 2.8E-06, 3.9E-06, 9.1E-07, 1.4E-06, 3.9E-06, 1.9E-05, 1.5E-06, 7.6E-06, 1.3E-05, 3.2E-05, 3.7E-05, 4.2E-05, 1.4E-06, 3.7E-06, 6.6E-06, 2.0E-05, 2.4E-06, 1.2E-06, 6.7E-05, 1.0E-05, 6.1E-06, 1.4E-07, 2.9E-08, 1.0E+02, 1.0E+02, 1.0E+02, 1.0E+02, 1.0E+02, 1.1E+02, 1.1E+02, 1.1E+02, 1.1E+02, 1.1E+02, 1.1E+02, 1.1E+02, 1.1E+02, 1.1E+02, 1.1E+02, 1.1E+02, 1.1E+02, 1.1E+02, 1.0E+02, 1.0E+02, 1.0E+02, 1.0E+02, 1.0E+02, 2.6E-08, 1.2E-05, 1.7E-06, 2.3E-06, 1.5E-06, 8.0E-07, 6.5E-07, 3.3E+01, 3.3E+01, 3.3E+01, 8.1E-08, 3.9E-06, 9.6E-08, 1.6E-06, 3.4E-06, 1.0E-05, 5.4E-07, 2.0E-06, 2.9E-06, 3.6E-06, 1.8E-05, 3.1E-05, 2.6E-06, 1.9E-05, 2.7E-05, 3.1E-05, 3.2E-05, 3.4E-05, 3.4E-05, 8.3E-05, 1.0E-05, 4.5E-06, 1.1E-05, 6.0E-05, 2.4E-07, 3.3E+01, 3.3E+01, 3.3E+01, 3.3E+01, 3.3E+01, 3.3E+01, 2.1E-08, 9.4E-06, 2.3E-05, 4.4E-07, 4.5E-07, 4.4E-07, 3.0E-05, 6.3E-07, 1.9E-05, 3.4E-06, 3.3E-06, 3.3E+01, 3.3E+01, 3.3E+01, 3.3E+01, 3.3E+01, 3.3E+01, 3.3E+01, 3.3E+01, 3.3E+01, 3.3E+01, 3.3E+01, 3.3E+01, 3.3E+01, 3.3E+01, 3.3E+01, 3.3E+01, 3.3E+01, 3.3E+01, 3.3E+01, 3.3E+01, 3.3E+01, 3.3E+01, 1.7E+01, 1.7E+01, 1.7E+01, 1.7E+01, 1.7E+01, 1.7E+01, 1.7E+01, 1.7E+01, 1.2E-05, 1.2E-06, 1.8E-06, 4.0E-05, 3.0E-06, 3.3E-06, 4.2E-06, 4.8E-08, 5.8E-07, 4.5E-06, 4.8E-06, 5.5E-08, 4.3E-06, 1.9E-06, 4.4E-05, 8.9E-06, 2.2E-06, 2.1E-06, 2.4E-05, 2.5E-05, 1.8E-06, 2.5E-05, 1.1E-05, 2.0E-06, 1.8E-06, 2.9E-06, 5.0E-07, 4.4E-05, 2.1E-06, 1.1E+02, 1.1E+02, 1.1E+02, 1.1E+02, 1.1E+02, 1.1E+02, 1.1E+02, 1.1E+02, 1.1E+02, 1.1E+02, 1.1E+02, 1.1E+02, 1.1E+02, 1.1E+02, 1.1E+02, 1.1E+02, 1.1E+02, 1.1E+02, 3.3E+01, 3.3E+01, 3.3E+01, 3.3E+01, 3.3E+01, 3.3E+01, 3.3E+01, 3.3E+01, 3.3E+01, 3.3E+01, 3.3E+01, 3.3E+01, 3.3E+01, 3.3E+01, 7.2E-07, 1.0E-06, 2.0E-05, 6.6E-07, 5.0E-07, 5.2E-07, 9.9E-07, 6.0E-06, 1.1E-05, 2.4E-07, 5.6E-07, 4.8E-06, 1.4E-06, 1.3E-06, 1.9E-06, 3.3E-06, 4.7E-06, 9.6E-06, 8.4E-06, 4.3E-07, 2.0E-05, 9.5E-06, 5.8E-07, 3.5E-06, 3.1E-05, 3.8E-05, 2.6E-07, 2.3E-05, 6.8E-07, 1.4E-04, 7.3E-07, 9.7E-07, 3.5E-06, 3.7E-06, 3.3E-07, 4.4E-08, 1.6E-07, 1.7E-06, 8.0E-07, 1.4E-04, 9.1E-05, 1.0E-07, 1.5E-05, 8.8E-05, 9.1E-05, 3.8E-08, 3.3E+01, 1.7E+01, 9.8E+00, 9.8E+00, 9.8E+00, 9.8E+00, 9.8E+00, 9.8E+00, 9.8E+00, 1.3E-08, 2.1E-08, 3.3E+01, 3.3E+01, 3.3E+01, 3.3E+01, 3.3E+01, 3.3E+01, 3.3E+01, 3.3E+01, 3.3E+01, 3.3E+01, 3.3E+01, 1.1E+02, 1.1E+02, 1.1E+02, 1.1E+02, 1.1E+02, 1.1E+02, 1.1E+02, 1.1E+02, 1.1E+02, 1.1E+02, 1.1E+02, 1.1E+02, 1.1E+02, 1.1E+02, 1.1E+02, 1.1E+02, 1.1E+02, 1.1E+02, 1.1E+02, 1.1E+02, 3.3E+01, 1.5E-07, 2.7E-06, 7.4E-07, 3.8E-06, 5.0E-06, 2.3E-05, 9.9E-07, 1.5E-06, 8.5E-06, 2.2E-05, 1.9E-05, 2.4E-05, 2.9E-05, 3.0E-05, 6.0E-06, 3.6E-06, 2.8E-06, 7.3E-06, 2.1E-05, 3.0E-05, 4.8E-05, 7.3E-07, 2.3E-05, 5.7E-06, 8.4E-06, 9.5E-06, 9.8E-06, 2.4E-06, 7.0E-06, 9.0E-07, 9.3E-07, 4.4E-07, 3.9E-07, 2.6E-05, 1.4E-05, 4.2E-06, 2.1E-06, 1.7E-06, 9.4E-07, 5.9E-07, 9.3E-06, 1.1E+02, 1.1E+02, 1.7E+01, 3.3E+01, 3.3E+01, 3.3E+01, 1.1E+02, 1.1E+02, 1.1E+02, 1.1E+02, 1.1E+02, 1.1E+02, 1.1E+02, 1.1E+02, 1.1E+02, 1.1E+02, 1.1E+02, 1.1E+02, 1.1E+02, 3.3E+01, 3.3E+01, 3.3E+01, 3.3E+01, 3.3E+01, 3.3E+01, 3.3E+01, 3.3E+01, 3.3E+01, 3.3E+01, 3.3E+01, 3.3E+01, 3.3E+01, 3.3E+01, 3.3E+01, 4.5E-07, 1.0E+02, 1.0E+02, 1.1E-07, 1.2E-07, 5.9E-07, 4.6E-06, 4.4E-06, 9.0E-08, 2.6E-07, 3.3E+01, 3.3E+01, 3.3E+01, 3.5E-07, 1.5E-06, 5.7E-06, 3.4E-07, 1.9E-06, 2.6E-06, 5.8E-06, 2.4E-05, 7.3E-07, 7.8E-06, 2.1E-05, 3.3E-05, 3.5E-05, 3.2E-05, 3.6E-05, 3.6E-05, 3.9E-05, 4.1E-05, 4.4E-05, 4.4E-05, 4.6E-05, 4.6E-05, 4.5E-05, 5.6E-05, 4.3E-05, 2.8E-05, 5.6E-06, 6.1E-07, 3.3E+01, 3.3E+01, 3.3E+01, 3.3E+01, 3.3E+01, 3.3E+01, 3.3E+01, 3.3E+01, 3.3E+01, 3.3E+01, 3.3E+01, 3.3E+01, 3.3E+01, 3.3E+01, 3.3E+01, 3.3E+01, 3.3E+01, 3.3E+01, 3.3E+01, 3.3E+01, 3.3E+01, 3.3E+01, 3.3E+01, 1.1E-06, 1.6E-07, 4.0E-07, 8.8E-07, 1.3E-06, 2.4E-06, 6.6E-06, 2.7E-05, 5.0E-07, 8.5E-06, 3.8E-05, 3.8E-05, 3.3E-05, 3.4E-05, 2.7E-05, 1.1E+02, 1.1E+02, 1.1E+02, 1.1E+02, 1.1E+02, 1.1E+02, 1.1E+02, 1.1E+02, 1.1E+02, 1.1E+02, 1.1E+02, 1.1E+02, 1.1E+02, 1.1E+02, 1.1E+02, 3.0E-05, 3.4E-05, 3.0E-05, 2.4E-05, 2.7E-05, 3.5E-06, 6.9E-06, 1.2E-05, 6.7E-06, 7.3E-06, 2.8E-05, 3.1E-05, 1.1E-06, 2.5E-06, 1.6E-05, 3.3E+01, 3.3E+01, 3.3E+01, 3.3E+01, 3.3E+01, 3.3E+01, 3.3E+01, 3.2E-06, 3.1E-06, 2.1E-07, 8.2E-07, 2.3E-07, 1.1E-06, 6.2E-07, 6.9E-07, 3.3E-07, 6.1E-07, 4.7E-07, 1.1E-06, 9.6E-07, 6.7E-07, 3.8E-06, 1.1E-06, 2.3E-06, 1.4E-06, 5.3E-07, 4.8E-07, 6.5E-07, 1.8E-06, 8.5E+00, 3.3E+01, 3.3E+01, 3.3E+01, 3.3E+01, 3.3E+01, 3.3E+01, 3.3E+01, 3.3E+01, 3.3E+01, 5.1E-06, 1.1E-05, 2.9E+00, 4.8E+00, 5.0E+00, 6.8E+00, 7.9E+00, 8.0E+00, 9.2E+00, 1.0E+01, 1.2E+01, 1.3E+01, 1.4E+01, 1.6E+01, 1.8E+01, 2.2E+01, 1.6E+01, 1.7E+01, 3.2E+01, 3.3E+01, 3.3E+01, 1.1E+02, 1.1E+02, 1.1E+02, 1.1E+02, 1.1E+02, 1.1E+02, 1.1E+02, 1.1E+02, 1.1E+02, 1.1E+02, 1.1E+02, 1.1E+02, 1.1E+02, 1.1E+02, 1.1E+02, 1.1E+02, 1.1E+02, 1.1E+02, 1.1E+02, 1.1E+02, 1.1E+02, 1.1E+02, 1.1E+02, 1.1E+02, 1.1E+02, 3.3E+01, 3.3E+01, 3.3E+01, 3.3E+01, 3.3E+01, 3.3E+01, 3.3E+01, 3.9E-06, 1.9E-06, 3.0E-06, 3.5E-08, 7.4E-08, 8.6E-08, 3.2E-06, 3.7E-06, 1.3E-07, 2.3E-06, 3.8E-06, 5.5E-07, 2.9E-06, 2.9E-06, 6.2E-06, 5.3E-05, 9.3E-06, 2.0E-05, 2.1E-05, 2.5E-05, 3.3E-05, 3.6E-05, 6.1E-05, 5.5E-06, 5.2E-06, 1.6E-05, 3.1E-05, 6.8E-05, 9.0E-07, 1.0E-06, 1.2E-06, 1.2E-06, 1.2E-06, 1.1E-06, 2.7E-05, 1.8E-05, 7.6E-06, 1.2E-06, 9.6E-05, 3.8E-05, 1.7E+01, 1.7E+01, 1.7E+01, 1.7E+01, 3.4E-05, 3.6E-05, 1.3E-05, 1.9E-06, 9.2E-07, 5.7E-07, 2.7E-07, 1.8E-07, 2.0E-07, 5.9E-08, 3.3E+01, 3.3E+01, 3.3E+01, 3.3E+01, 3.3E+01, 3.3E+01, 3.3E+01, 3.3E+01, 3.3E+01, 3.3E+01, 3.3E+01, 3.3E+01, 3.3E+01, 3.3E+01, 3.3E+01, 3.3E+01, 3.3E+01, 3.3E+01, 3.3E+01, 3.3E+01, 3.3E+01, 3.3E+01, 3.3E+01, 3.3E+01, 3.3E+01, 3.3E+01, 3.3E+01, 3.3E+01, 3.3E+01, 3.3E+01, 3.3E+01, 3.3E+01, 1.1E+02, 1.1E+02, 1.1E+02, 1.1E+02, 1.1E+02, 1.1E+02, 1.1E+02, 1.1E+02, 1.1E+02, 1.1E+02, 1.1E+02, 1.1E+02, 2.6E-06, 1.1E+02, 1.1E+02, 1.1E+02, 1.1E+02, 1.1E+02, 1.1E+02, 1.1E+02, 1.3E-05, 2.8E-05, 4.0E-05, 3.0E-05, 3.9E-05, 4.9E-05, 4.3E-05, 1.9E-05, 1.9E-05, 6.1E-06, 9.2E-06, 1.6E-05, 3.0E-05, 3.6E-05, 3.6E-05, 3.4E-05, 2.3E-05, 3.1E-05, 1.7E+01, 1.7E+01, 1.7E+01, 1.7E+01, 1.7E+01, 1.7E+01, 1.7E+01, 1.7E+01, 3.3E+01, 3.3E+01, 3.3E+01, 3.3E+01, 3.3E+01, 3.3E+01, 3.3E+01, 3.3E+01, 3.3E+01, 3.3E+01, 3.3E+01, 3.3E+01, 3.3E+01, 3.3E+01, 3.3E+01, 3.3E+01, 3.3E+01, 3.3E+01, 3.3E+01, 3.3E+01, 3.3E+01, 3.3E+01, 3.3E+01, 3.3E+01, 3.3E+01, 3.3E+01, 1.5E-06, 9.7E-08, 1.4E-07, 2.1E-07, 5.6E-07, 1.7E-06, 1.8E-06, 2.4E-06, 1.2E-05, 2.8E-06, 3.7E-05, 4.5E-05, 7.3E-06, 6.7E-06, 1.2E-05, 2.6E-05, 4.0E-05, 6.4E-05, 1.6E-05, 1.7E-05, 1.8E-05, 2.0E-05, 2.0E-05, 2.1E-05, 1.7E-05, 1.4E-05, 1.8E-05, 1.0E-05, 1.8E-05, 1.0E-05, 2.8E-06, 4.3E-06, 6.5E-07, 2.6E-05, 5.1E-06, 1.7E-06, 1.2E-06, 6.4E-07, 3.9E-07, 3.0E-06, 9.0E-09, 2.4E-08, 1.0E+02, 1.0E+02, 1.0E+02, 1.0E+02, 1.0E+02, 1.0E+02, 1.0E+02, 1.0E+02, 1.0E+02, 1.0E+02, 1.0E+02, 1.0E+02, 1.0E+02, 1.1E-08, 2.0E-07, 3.2E-07, 5.5E-07, 3.3E-07, 2.5E-07, 2.2E-07, 8.7E-07, 4.4E-07, 9.6E-06, 5.0E-07, 1.7E-06, 9.9E-08, 5.0E-07, 3.9E-06, 1.1E-05, 4.5E-07, 3.5E-06, 1.0E-07, 4.3E-07, 5.5E-07, 1.5E-07, 1.2E-05, 1.3E-05, 5.1E-06, 1.7E-07, 1.8E-07, 1.9E-07, 2.0E-07, 1.2E-05, 7.5E-08, 7.9E-08, 6.3E-06, 2.8E-06, 1.3E-06, 5.9E-07, 3.9E-07, 3.4E-07, 3.6E-06, 4.4E-07, 3.5E-07, 2.1E-07, 8.2E-08, 7.4E-07, 1.0E+02, 1.0E+02, 1.0E+02, 1.0E+02, 1.0E+02, 1.0E+02, 1.0E+02, 1.0E+02, 1.0E+02, 1.0E+02, 1.0E+02, 1.0E+02, 1.0E+02, 1.0E+02, 1.0E+02, 1.0E+02, 1.0E+02, 1.0E+02, 1.0E+02, 1.0E+02, 1.0E+02, 1.0E+02, 1.0E+02, 1.0E+02, 1.0E+02, 1.0E+02, 1.0E+02, 1.0E+02, 1.0E+02, 1.0E+02, 1.0E+02, 1.0E+02, 1.0E+02, 1.0E+02, 1.4E-08, 5.3E-07, 2.6E-07, 6.2E-07, 1.7E+01, 3.0E-05, 2.6E-06, 2.4E-06, 4.1E-06, 5.2E-06, 3.8E-05, 6.1E-06, 1.8E-05, 2.9E-05, 3.0E-05, 3.8E-05, 3.3E-05, 9.2E-05, 3.6E-06, 7.0E-06, 2.4E-05, 2.9E-05, 9.0E-07, 1.2E-06, 1.2E-06, 1.2E-06, 1.3E-06, 1.2E-06, 1.1E-06, 9.8E-07, 2.9E-05, 1.2E-05, 5.0E-06, 1.9E-06, 4.7E-05, 2.5E-05, 6.4E-05, 3.6E-05, 7.3E-06, 3.6E-07, 3.8E-05, 2.8E-05, 3.3E+01, 3.3E+01, 3.3E+01, 3.3E+01, 3.3E+01, 3.3E+01, 3.3E+01, 3.3E+01, 3.3E+01, 3.3E+01, 3.3E+01, 3.3E+01, 3.3E+01, 3.3E+01, 3.3E+01, 3.3E+01, 3.3E+01, 3.3E+01, 3.3E+01, 3.3E+01, 3.3E+01, 3.3E+01, 3.3E+01, 3.3E+01, 3.3E+01, 3.3E+01, 3.3E+01, 3.3E+01, 3.3E+01, 3.3E+01, 3.3E+01, 3.3E+01, 3.0E-07, 1.6E-07, 2.2E-06, 5.0E-06, 4.3E-06, 6.3E-06, 1.4E-05, 2.7E-06, 3.7E-06, 1.0E-05, 9.4E-07, 3.2E-06, 7.5E-06, 2.8E-06, 2.2E-06, 1.3E-05, 3.5E-06, 7.8E-07, 5.6E-06, 1.2E-05, 1.8E-05, 2.5E-05, 1.6E-05, 2.2E-05, 2.6E-05, 2.9E-05, 3.1E-05, 3.1E-05, 3.1E-05, 1.1E-05, 5.6E-07, 1.1E+02, 1.1E+02, 1.1E+02, 1.1E+02, 1.1E+02, 1.1E+02, 1.1E+02, 1.1E+02, 1.1E+02, 1.1E+02, 1.1E+02, 1.1E+02, 1.1E+02, 1.1E+02, 1.1E+02, 1.1E+02, 1.1E+02, 1.1E+02, 1.1E+02, 9.8E+00, 1.7E+01, 1.7E+01, 1.7E+01, 3.3E+01, 3.3E+01, 3.3E+01, 3.3E+01, 3.3E+01, 3.3E+01, 3.3E+01, 3.3E+01, 3.3E+01, 1.1E+02, 1.1E+02, 1.1E+02, 1.1E+02, 1.1E+02, 3.3E+01, 3.3E+01, 3.3E+01, 3.3E+01, 3.3E+01, 3.3E+01, 3.3E+01, 3.3E+01, 3.3E+01, 3.3E+01, 3.3E+01, 1.6E-07, 2.8E-09, 1.3E-07, 2.7E-07, 4.3E-07, 1.0E-06, 1.6E-06, 2.0E-06, 5.4E-06, 2.7E-05, 5.9E-07, 1.6E-05, 2.7E-05, 3.2E-05, 3.2E-05, 2.8E-05, 3.1E-05, 3.2E-05, 3.1E-05, 3.6E-05, 1.1E-05, 4.6E-05, 4.4E-05, 4.4E-05, 4.7E-05, 4.5E-05, 4.4E-05, 4.2E-05, 5.8E-05, 7.8E-08, 3.4E-05, 2.8E-05, 1.6E-05, 6.9E-06, 3.2E-06, 3.9E-06, 6.0E-07, 2.2E-05, 1.3E-06, 9.8E-07, 4.7E-07, 3.2E-07, 3.8E-06, 4.3E-07, 2.9E-07, 7.3E-07, 3.3E+01, 3.3E+01, 3.3E+01, 3.3E+01, 3.3E+01, 3.3E+01, 3.3E+01, 3.3E+01, 4.4E-06, 5.0E-06, 3.0E-06, 1.9E-06, 4.9E-06, 1.5E-07, 5.1E-08, 2.4E-08, 2.7E-08, 3.4E-08, 9.7E-10, 1.0E+02, 1.0E+02, 1.0E+02, 1.0E+02, 1.0E+02, 1.0E+02, 1.0E+02, 1.0E+02, 1.0E+02, 1.0E+02, 1.0E+02, 1.0E+02, 1.0E+02, 1.0E+02, 1.0E+02, 1.1E-08, 1.1E-06, 1.9E-06, 6.1E-06, 6.0E-08, 1.2E-07, 2.2E-05, 3.2E-06, 9.0E-07, 1.3E-05, 1.7E-05, 1.5E-05, 7.6E-07, 9.0E-07, 1.0E-06, 1.3E-06, 1.7E-06, 2.3E-06, 2.5E-08, 2.2E-06, 3.7E-08, 7.0E-08, 1.0E+02, 1.0E+02, 1.0E+02, 3.3E+01, 3.3E+01, 3.3E+01, 3.4E+00, 4.3E+00, 2.4E+01, 2.5E+01, 1.9E+01, 1.2E+01, 9.5E+00, 1.0E+02, 1.0E+02, 1.5E-08, 3.5E-06, 1.7E-06, 5.5E-07, 1.6E-06, 4.5E-07, 1.5E-07, 1.0E+02, 3.3E+01, 3.3E+01, 3.3E+01, 3.3E+01, 3.3E+01, 3.3E+01, 3.3E+01, 3.3E+01, 3.3E+01, 3.3E+01, 3.3E+01, 3.3E+01, 3.3E+01, 3.3E+01, 3.3E+01, 3.3E+01, 3.3E+01, 3.3E+01, 3.3E+01, 3.3E+01, 3.3E+01, 3.3E+01, 3.3E+01, 3.3E+01, 2.2E+01, 1.3E-05, 1.1E-07, 1.3E-07, 1.2E-07, 2.6E-06, 4.8E-06, 5.6E-06, 1.6E-05, 3.8E-06, 6.2E-06, 7.4E-07, 3.3E-06, 3.1E-06, 7.7E-06, 2.5E-05, 1.6E-06, 4.0E-06, 1.7E-05, 1.8E-05, 2.6E-05, 3.3E-05, 3.7E-05, 4.9E-05, 4.2E-05, 4.9E-05, 6.1E-06, 1.2E-06, 7.7E-05, 6.3E-05, 3.6E-05, 3.3E-05, 1.8E-06, 3.3E+01, 3.3E+01, 3.3E+01, 3.3E+01, 3.3E+01, 3.3E+01, 3.3E+01, 3.3E+01, 3.3E+01, 3.3E+01, 3.3E+01, 3.3E+01, 3.3E+01, 3.3E+01, 1.1E+02, 1.1E+02, 1.1E+02, 1.1E+02, 1.1E+02, 1.1E+02, 1.1E+02, 1.1E+02, 1.1E+02, 1.1E+02, 1.1E+02, 1.1E+02, 1.1E+02, 1.1E+02, 1.1E+02, 1.1E+02, 1.1E+02, 1.2E-04, 6.9E-06, 1.2E-06, 1.4E-05, 2.3E-06, 1.9E-05, 7.9E-06, 1.5E-05, 1.6E-05, 3.5E-05, 4.0E-06, 1.3E-05, 3.1E-05, 4.6E-05, 4.2E-06, 4.1E-06, 8.7E-06, 1.0E-05, 3.8E-06, 4.3E-06, 3.5E-06, 3.5E-06, 2.7E-05, 5.3E-06, 1.6E-05, 3.3E+01, 3.3E+01, 3.3E+01, 3.3E+01, 3.3E+01, 3.3E+01, 3.3E+01, 3.3E+01, 3.3E+01, 3.3E+01, 3.3E+01, 3.3E+01, 1.0E-07, 2.5E-07, 8.5E-06, 3.1E-06, 1.7E-06, 3.3E+01, 3.3E+01, 3.3E+01, 3.3E+01, 1.1E+02, 1.1E+02, 3.3E+01, 3.3E+01, 3.3E+01, 3.3E+01, 3.3E+01, 3.3E+01, 3.3E+01, 3.3E+01, 3.3E+01, 3.3E+01, 3.3E+01, 3.3E+01, 3.3E+01, 1.1E+02, 1.1E+02, 1.1E+02, 1.1E+02, 1.1E+02, 1.1E+02, 1.1E+02, 4.9E-07, 1.6E-05, 3.6E-05, 2.2E-05, 4.6E-06, 4.6E-06, 6.6E-06, 3.3E-06, 3.2E-06, 4.9E-08, 3.1E-06, 4.7E-06, 2.6E-06, 1.3E-05, 1.4E-05, 4.1E-05, 4.9E-07, 1.5E-06, 1.5E-06, 1.5E-06, 1.3E-06, 1.1E-06, 7.9E-07, 6.1E-07, 4.1E-07, 2.0E-05, 1.0E-05, 6.0E-06, 5.6E-06, 4.2E-06, 4.6E-06, 2.8E-06, 8.4E-07, 5.3E-07, 2.4E-07, 2.3E-07, 2.3E-07, 2.5E-06, 1.3E-06, 1.3E-06, 1.4E-06, 1.4E-06, 1.3E-06, 1.6E-06, 5.7E-07, 2.4E-06, 3.4E-06, 2.9E-07, 3.6E-06, 5.1E-07, 3.3E+01, 3.3E+01, 3.3E+01, 3.3E+01, 3.3E+01, 3.3E+01, 3.3E+01, 1.1E+02, 1.1E+02, 1.1E+02, 1.1E+02, 1.1E+02, 1.1E+02, 1.1E+02, 1.1E+02, 1.1E+02, 1.1E+02, 1.1E+02, 1.1E+02, 1.1E+02, 6.2E-06, 2.3E-07, 5.4E-06, 1.0E-05, 9.5E-06, 9.6E-07, 5.6E-07, 4.8E-06, 1.8E-05, 1.5E-06, 5.8E-06, 1.3E-05, 3.5E-05, 1.4E-05, 3.4E-05, 4.2E-05, 4.8E-06, 9.9E-06, 6.7E-05, 8.7E-07, 3.7E-05, 2.4E-05, 1.3E-06, 1.0E-04, 3.7E-05, 5.7E-06, 4.3E-06, 8.8E-07, 1.0E-06, 2.8E-06, 7.8E-05, 9.8E-05, 1.5E-06, 5.9E-07, 9.5E-07, 2.3E-07, 7.8E-07, 8.1E-07, 1.1E+02, 9.8E+00, 9.8E+00, 9.8E+00, 9.8E+00, 9.8E+00, 9.8E+00, 9.3E-05, 9.8E+00, 9.8E+00, 9.8E+00, 9.8E+00, 9.8E+00, 4.0E-08, 2.1E-08, 1.5E-08, 1.7E+01, 1.7E+01, 1.7E+01, 1.7E+01, 1.7E+01, 1.7E+01, 1.7E+01, 1.7E+01, 3.3E+01, 1.1E+02, 1.1E+02, 1.1E+02, 1.1E+02, 1.1E+02, 1.1E+02, 1.1E+02, 1.1E+02, 1.1E+02, 1.1E+02, 1.1E+02, 1.1E+02, 1.1E+02, 3.3E+01, 3.3E+01, 4.2E-08, 1.1E-08, 9.3E-07, 7.0E-07, 3.3E+01, 3.3E+01, 3.3E+01, 3.3E+01, 3.3E+01, 3.3E+01, 3.3E+01, 3.3E+01, 3.3E+01, 3.3E+01, 3.3E+01, 3.3E+01, 3.3E+01, 3.3E+01, 3.3E+01, 3.3E+01, 3.3E+01, 2.7E+01, 1.9E-07, 6.7E-06, 7.0E-08, 3.6E-07, 3.6E-06, 4.8E-06, 4.4E-06, 8.1E-06, 1.6E-05, 3.1E-06, 4.2E-06, 5.7E-06, 6.6E-06, 2.1E-05, 1.1E-06, 3.0E-06, 3.3E-06, 3.4E-06, 3.8E-06, 1.7E+01, 1.7E+01, 1.7E+01, 1.7E+01, 1.7E+01, 1.7E+01, 1.7E+01, 1.7E+01, 9.0E-07, 1.5E-07, 3.3E+01, 3.3E+01, 3.3E+01, 3.3E+01, 3.3E+01, 3.3E+01, 3.3E+01, 3.3E+01, 3.3E+01, 3.3E+01, 3.3E+01, 3.3E+01, 3.3E+01, 3.3E+01, 3.3E+01, 3.3E+01, 3.3E+01, 3.3E+01, 3.3E+01, 3.3E+01, 3.3E+01, 3.3E+01, 3.3E+01, 5.4E-07, 5.8E-06, 2.3E-07, 2.8E-07, 3.2E-07, 4.8E-07, 9.2E-07, 1.6E-06, 1.9E-06, 2.4E-06, 2.5E-06, 1.1E+02, 1.1E+02, 1.1E+02, 1.1E+02, 1.1E+02, 1.1E+02, 1.1E+02, 1.1E+02, 1.1E+02, 1.1E+02, 1.1E+02, 1.1E+02, 1.1E+02, 1.1E+02, 1.1E+02, 1.1E+02, 1.1E+02, 1.1E+02, 1.1E+02, 2.8E-05, 2.8E-05, 2.4E-05, 1.7E+01, 1.7E+01, 1.7E+01, 1.7E+01, 1.7E+01, 1.7E+01, 1.7E+01, 3.9E-05, 4.6E-05, 2.3E-06, 2.8E-05, 3.9E-06, 2.4E-06, 1.0E-06, 1.1E-06, 7.9E-07, 4.6E-07, 1.5E-07, 3.3E+01, 3.3E+01, 3.3E+01, 3.3E+01, 3.3E+01, 3.3E+01, 3.3E+01, 3.3E+01, 3.3E+01, 3.3E+01, 3.3E+01, 3.3E+01, 3.3E+01, 3.3E+01, 3.3E+01, 3.3E+01, 3.3E+01, 3.3E+01, 3.3E+01, 3.3E+01, 3.3E+01, 3.3E+01, 3.3E+01, 3.3E+01, 3.3E+01, 3.3E+01, 3.3E+01, 3.3E+01, 3.3E+01, 3.3E+01, 3.3E+01, 1.7E-07, 5.6E-07, 4.8E-06, 4.8E-06, 4.3E-06, 1.1E-05, 5.6E-07, 3.8E-06, 6.4E-06, 5.2E-07, 3.4E-06, 1.9E-05, 6.4E-06, 3.1E-06, 1.5E-05, 4.1E-05, 1.5E-06, 1.2E-05, 1.1E-05, 2.5E-05, 2.5E-05, 3.2E-05, 3.5E-05, 3.6E-05, 4.1E-05, 4.3E-05, 4.7E-05, 4.8E-05, 4.6E-05, 4.7E-05, 4.6E-05, 4.5E-05, 4.3E-05, 3.4E-05, 3.0E-05, 2.2E-05, 1.8E-07, 5.6E-06, 6.9E-07, 6.6E-07, 3.6E-05, 1.4E-09, 1.3E-09, 2.3E-09, 1.0E+02, 1.0E+02, 1.1E+02, 1.1E+02, 1.1E+02, 1.1E+02, 1.1E+02, 1.1E+02, 1.1E+02, 1.1E+02, 1.1E+02, 1.1E+02, 1.1E+02, 1.1E+02, 1.1E+02, 1.1E+02, 2.0E-06, 9.5E-07, 5.2E-07, 1.0E-06, 4.2E-07, 8.1E-07, 3.0E-07, 1.0E-06, 7.8E-07, 4.4E-06, 2.4E-05, 3.3E+01, 1.8E-06, 4.5E-07, 3.6E-08, 1.1E-07, 7.7E-07, 2.2E-05, 3.4E-05, 3.9E-06, 2.1E-06, 4.9E-07, 1.5E-06, 1.0E-06, 1.2E-05, 5.6E-06, 1.8E-05, 2.4E-05, 6.2E-08, 2.2E-07, 6.3E-08, 3.4E-08, 1.0E+02, 1.0E+02, 3.3E+01, 3.3E+01, 3.3E+01, 3.3E+01, 3.3E+01, 3.3E+01, 3.3E+01, 3.3E+01, 3.3E+01, 3.3E+01, 3.3E+01, 3.3E+01, 3.3E+01, 3.3E+01, 3.3E+01, 3.3E+01, 3.3E+01, 3.3E+01, 3.3E+01, 3.3E+01, 3.3E+01, 3.1E+01, 1.7E+01, 1.7E+01, 1.7E+01, 1.7E+01, 1.7E+01, 9.9E-08, 3.1E-06, 4.5E-06, 8.9E-08, 2.5E-07, 2.5E-06, 1.2E-05, 2.4E-06, 3.4E-06, 2.6E-06, 6.9E-06, 5.1E-05, 6.7E-06, 9.9E-06, 1.8E-05, 2.3E-05, 2.6E-05, 3.2E-05, 3.7E-05, 3.4E-05, 7.6E-05, 1.2E-06, 3.2E-05, 3.7E-06, 4.2E-06, 4.7E-06, 4.5E-06, 4.1E-06, 3.2E-06, 1.9E-06, 6.0E-05, 4.2E-05, 3.4E-05, 1.7E-06, 3.4E-05, 2.6E-05, 1.1E+02, 1.1E+02, 1.1E+02, 1.1E+02, 1.1E+02, 1.1E+02, 1.1E+02, 1.1E+02, 1.1E+02, 1.1E+02, 1.1E+02, 1.1E+02, 1.1E+02, 1.1E+02, 1.1E+02, 1.1E+02, 1.1E+02, 1.1E+02, 1.1E+02, 1.1E+02, 1.1E+02, 1.1E+02, 1.1E+02, 1.1E+02, 1.1E+02, 1.1E+02, 1.1E+02, 1.1E+02, 3.3E+01, 3.3E+01, 3.3E+01, 3.3E+01, 3.3E+01, 3.3E+01, 3.3E+01, 3.3E+01, 3.3E+01, 3.3E+01, 3.3E+01, 3.3E+01, 3.3E+01, 3.3E+01, 3.3E+01, 3.3E+01, 3.3E+01, 1.6E+01, 6.4E-07, 1.5E-07, 1.2E-07, 1.1E-07, 3.1E-06, 3.7E-06, 7.1E-08, 2.1E-07, 2.8E-06, 4.9E-06, 5.6E-07, 3.3E-06, 4.4E-06, 4.6E-06, 1.8E-05, 7.5E-07, 1.1E-05, 3.4E-05, 3.2E-05, 3.2E-05, 3.1E-05, 3.0E-05, 3.0E-05, 7.2E-07, 3.3E+01, 3.3E+01, 3.3E+01, 3.3E+01, 3.3E+01, 8.6E-08, 4.0E-06, 3.6E-05, 2.6E-05, 3.1E-05, 3.0E-05, 2.9E-05, 3.0E-05, 3.0E-05, 9.8E+00, 9.8E+00, 3.3E+01, 3.3E+01, 3.3E+01, 3.3E+01, 3.3E+01, 3.3E+01, 3.3E+01, 3.3E+01, 3.3E+01, 3.3E+01, 3.3E+01, 3.3E+01, 3.3E+01, 3.3E+01, 3.3E+01, 3.3E+01, 3.3E+01, 3.3E+01, 3.3E+01, 3.3E+01, 3.3E+01, 3.3E+01, 3.3E+01, 1.7E+01, 4.2E-07, 3.6E-07, 3.9E-05, 1.5E-06, 3.1E-05, 3.3E-07, 1.2E-06, 1.0E-06, 6.7E-06, 1.2E-06, 4.9E-06, 2.7E-06, 3.1E-06, 3.8E-06, 5.9E-08, 5.0E-07, 4.0E-08, 4.9E-06, 4.4E-06, 4.7E-06, 4.3E-06, 5.9E-07, 1.1E+02, 1.1E+02, 1.1E+02, 1.1E+02, 1.1E+02, 1.1E+02, 1.1E+02, 1.1E+02, 1.1E+02, 1.1E+02, 1.1E+02, 1.1E+02, 1.1E+02, 1.1E+02, 1.1E+02, 1.1E+02, 1.1E+02, 7.0E-06, 9.0E-06, 6.3E-06, 8.1E-06, 1.1E-05, 3.8E-07, 5.4E-06, 2.5E-06, 2.8E-06, 3.1E-06, 3.3E+01, 3.3E+01, 3.3E+01, 3.3E+01, 3.3E+01, 3.3E+01, 3.3E+01, 3.3E+01, 3.3E+01, 3.3E+01, 3.3E+01, 3.3E+01, 3.3E+01, 4.1E-06, 3.7E-06, 2.4E-06, 1.2E-06, 9.5E-07, 1.6E-06, 2.2E-05, 4.6E-06, 1.4E-05, 1.3E-05, 1.1E-05, 1.4E-05, 3.3E-07, 4.2E-07, 5.0E-07, 5.8E-07, 6.9E-07, 9.6E-07, 1.8E-07, 2.8E-07, 2.2E-07, 5.3E-07, 2.8E-07, 4.7E-07, 4.4E-07, 1.6E-06, 1.1E-06, 1.0E-05, 8.9E-06, 6.4E-06, 4.2E-06, 1.7E+01, 1.7E+01, 1.7E+01, 1.7E+01, 1.7E-07, 2.0E-06, 9.3E-07, 3.7E-07, 4.3E-06, 6.9E-08, 7.7E-07, 4.0E-06, 5.9E-07, 2.8E+00, 3.3E+01, 1.1E+02, 1.1E+02, 1.1E+02, 1.1E+02, 1.1E+02, 1.1E+02, 1.1E+02, 1.1E+02, 1.1E+02, 1.1E+02, 1.1E+02, 1.1E+02, 1.1E+02, 1.1E+02, 1.1E+02, 1.1E+02, 1.1E+02, 1.1E+02, 1.1E+02, 1.0E+02, 1.0E+02, 1.0E+02, 1.0E+02, 1.0E+02, 1.0E+02, 1.0E+02, 1.0E+02, 1.0E+02, 1.0E+02, 2.0E-06, 1.5E-07, 4.7E-07, 1.4E-06, 3.6E-07, 1.3E-06, 2.0E-06, 9.7E-08, 9.0E-08, 8.6E-08, 8.2E-08, 7.0E-08, 4.9E-08, 1.1E-07, 6.7E-08, 9.5E-08, 9.0E-08, 1.8E-06, 3.3E-06, 5.1E-06, 8.5E-08, 1.8E-07, 2.4E-06, 2.3E-06, 5.6E-06, 2.5E-05, 7.1E-07, 1.2E-06, 2.6E-06, 2.9E-06, 2.7E-06, 9.2E-06, 2.9E-06, 2.8E-06, 2.7E-06, 2.6E-06, 2.6E-06, 2.7E-06, 2.6E-06, 2.3E-06, 2.0E-06, 1.7E-06, 1.2E-06, 7.1E-07, 3.5E-07, 8.0E-06, 6.5E-06, 3.4E-06, 3.3E-07, 9.9E-08, 3.5E-06, 1.7E+01, 1.7E+01, 3.3E+01, 3.3E+01, 3.3E+01, 3.3E+01, 3.3E+01, 3.3E+01, 3.3E+01, 3.3E+01, 3.3E+01, 3.3E+01, 3.3E+01, 3.3E+01, 3.3E+01, 3.3E+01, 3.3E+01, 3.3E+01, 3.3E+01, 3.3E+01, 3.3E+01, 3.3E+01, 3.3E+01, 3.3E+01, 3.3E+01, 3.3E+01, 3.3E+01, 3.3E+01, 3.3E+01, 3.3E+01, 3.3E+01, 3.3E+01, 3.3E+01, 3.3E+01, 3.3E+01, 3.3E+01, 3.3E+01, 1.9E-07, 1.2E-07, 1.3E-07, 1.4E-07, 1.0E+02, 1.0E+02, 1.0E+02, 1.0E+02, 1.0E+02, 6.8E-09, 2.7E-07, 1.0E+02, 1.0E+02, 3.2E-06, 1.3E-05, 1.8E-05, 7.4E-07, 5.6E-06, 1.0E+02, 1.0E+02, 1.7E-07, 1.5E-06, 3.3E+01, 3.3E+01, 5.2E-07, 7.7E-07, 8.0E-06, 2.7E-05, 3.4E-05, 2.7E-05, 1.5E-05, 3.5E-06, 1.2E-07, 3.3E+01, 3.3E+01, 3.3E+01, 3.3E+01, 3.3E+01, 3.3E+01, 3.3E+01, 3.3E+01, 3.3E+01, 3.3E+01, 3.3E+01, 3.3E+01, 3.3E+01, 3.3E+01, 3.3E+01, 3.3E+01, 3.3E+01, 3.3E+01, 3.3E+01, 3.3E+01, 3.3E+01, 1.7E+01, 1.7E+01, 1.7E+01, 1.7E+01, 1.7E+01, 1.7E+01, 2.3E-06, 2.9E-06, 3.8E-08, 2.6E-07, 3.0E-06, 4.7E-06, 4.5E-06, 4.7E-07, 4.0E-06, 9.7E-07, 1.2E-05, 3.6E-05, 4.8E-07, 4.0E-08, 4.7E-07, 3.4E-08, 3.2E-08, 3.4E-08, 3.7E-08, 4.0E-08, 4.3E-08, 4.6E-08, 4.8E-08, 4.1E-08, 4.9E-07, 1.1E+02, 1.1E+02, 1.1E+02, 1.1E+02, 1.1E+02, 1.1E+02, 1.1E+02, 1.1E+02, 1.1E+02, 1.1E+02, 2.2E-06, 1.3E-06, 2.9E-07, 2.4E-06, 1.0E-06, 3.6E-06, 2.6E-06, 6.6E-06, 1.8E-06, 3.3E+01, 3.3E+01, 3.3E+01, 3.3E+01, 3.3E+01, 3.3E+01, 3.3E+01, 3.3E+01, 3.3E+01, 3.3E+01, 3.3E+01, 3.3E+01, 3.3E+01, 3.3E+01, 3.3E+01, 3.3E+01, 1.1E-05, 1.1E-06, 4.3E-07, 4.5E-07, 7.8E-07, 7.3E-07, 9.2E-07, 8.7E-07, 7.7E-07, 1.5E-06, 2.9E-06, 3.6E-06, 5.0E-07, 1.1E-06, 2.2E-06, 3.1E-06, 3.1E-06, 3.2E-06, 2.7E-06, 7.5E-06, 2.6E-06, 2.2E-06, 3.0E-06, 1.6E-06, 9.7E-07, 7.1E-07, 1.1E-05, 6.8E-06, 3.7E-05, 1.9E-07, 3.4E-07, 4.3E-07, 4.6E-07, 1.1E-07, 1.0E-06, 2.5E-07, 1.4E-06, 1.4E-06, 1.1E+02, 1.1E+02, 1.1E+02, 1.1E+02, 1.1E+02, 1.1E+02, 1.1E+02, 1.1E+02, 1.1E+02, 1.1E+02, 1.1E+02, 1.3E-06, 1.6E-06, 1.1E-06, 2.8E-06, 3.3E+01, 3.3E+01, 3.3E+01, 1.1E+02, 1.1E+02, 1.1E+02, 1.1E+02, 1.0E+02, 1.0E+02, 1.0E+02, 1.0E+02, 1.0E+02, 1.0E+02, 1.0E+02, 1.0E+02, 1.0E+02, 3.3E+01, 3.3E+01, 3.3E+01, 3.3E+01, 3.3E+01, 3.3E+01, 3.3E+01, 3.3E+01, 3.3E+01, 3.3E+01, 3.3E+01, 3.3E+01, 3.3E+01, 3.3E+01, 3.3E+01, 3.3E+01, 3.3E+01, 3.3E+01, 3.3E+01, 3.3E+01, 3.3E+01, 3.3E+01, 3.3E+01, 3.6E-05, 1.2E-05, 8.2E-06, 1.4E-07, 1.4E-07, 1.4E-07, 1.4E-07, 1.4E-07, 2.1E-06, 2.1E-06, 1.6E-07, 1.5E-07, 1.9E-07, 4.6E-06, 4.8E-06, 7.5E-06, 7.2E-07, 4.1E-06, 6.7E-06, 4.2E-05, 2.7E-06, 3.1E-06, 2.9E-06, 3.3E-06, 7.9E-06, 1.5E-05, 3.0E-05, 9.1E-07, 1.8E-06, 5.8E-06, 1.1E-05, 1.3E-05, 1.2E-05, 2.9E-05, 1.6E-05, 1.5E-05, 1.4E-05, 8.6E-06, 1.7E-06, 7.1E-07, 4.0E-05, 1.5E-05, 1.5E-06, 3.8E-07, 3.3E+01, 3.3E+01, 3.3E+01, 3.3E+01, 3.3E+01, 3.3E+01, 3.3E+01, 3.3E+01, 3.3E+01, 3.3E+01, 3.3E+01, 3.3E+01, 3.3E+01, 3.3E+01, 3.3E+01, 3.3E+01, 3.3E+01, 3.3E+01, 3.3E+01, 3.3E+01, 3.3E+01, 3.3E+01, 3.3E+01, 3.3E+01, 3.3E+01, 4.4E-08, 4.5E-08, 9.4E-08, 2.3E-07, 1.0E-06, 1.1E+02, 1.1E+02, 1.1E+02, 1.1E+02, 1.1E+02, 1.1E+02, 1.1E+02, 1.1E+02, 1.1E+02, 1.1E+02, 1.1E+02, 1.1E+02, 1.1E+02, 1.1E+02, 1.1E+02, 1.1E+02, 1.1E+02, 1.1E+02, 1.1E+02, 1.1E+02, 3.9E-05, 4.1E-05, 3.5E-05, 3.7E-05, 3.3E-05, 3.1E-05, 2.9E-05, 2.5E-05, 9.3E-07, 3.3E+01, 3.3E+01, 3.3E+01, 3.3E+01, 3.3E+01, 3.3E+01, 3.3E+01, 3.3E+01, 3.3E+01, 3.3E+01, 3.3E+01, 3.3E+01, 8.9E-07, 9.3E-06, 6.2E-06, 4.6E-07, 2.6E-07, 2.4E-07, 2.2E-07, 7.9E-08, 3.3E+01, 3.3E+01, 3.3E+01, 3.3E+01, 3.3E+01, 3.3E+01, 3.3E+01, 3.3E+01, 3.3E+01, 3.3E+01, 3.3E+01, 3.3E+01, 3.3E+01, 3.3E+01, 3.3E+01, 3.3E+01, 3.3E+01, 1.1E+02, 3.3E+01, 3.3E+01, 3.3E+01, 3.3E+01, 3.3E+01, 3.3E+01, 3.3E+01, 3.3E+01, 1.3E-07, 3.5E-06, 8.5E-06, 1.8E-07, 4.8E-07, 1.4E-06, 1.2E-05, 4.5E-06, 1.7E-05, 6.3E-07, 7.5E-06, 3.2E-05, 2.7E-05, 3.5E-05, 3.7E-05, 8.0E-05, 6.3E-05, 1.4E-07, 6.7E-06, 1.4E-05, 3.6E-05, 1.3E-06, 1.7E-06, 1.9E-06, 2.0E-06, 2.1E-06, 2.1E-06, 2.1E-06, 2.0E-06, 1.9E-06, 1.8E-06, 1.2E-06, 2.6E-05, 1.4E-05, 6.7E-06, 1.6E-06, 4.6E-05, 4.7E-07, 4.3E-07, 1.5E-06, 9.4E-06, 3.3E-06, 5.3E-06, 7.0E-07, 6.7E-06, 1.0E-06, 1.1E+02, 1.1E+02, 1.1E+02, 1.1E+02, 1.1E+02, 1.1E+02, 1.1E+02, 1.1E+02, 1.1E+02, 1.1E+02, 1.1E+02, 1.1E+02, 1.1E+02, 1.1E+02, 1.1E+02, 1.1E+02, 1.1E+02, 4.7E-07, 4.1E-06, 1.8E-06, 2.5E-05, 2.2E-06, 7.6E-07, 6.9E-06, 7.7E-06, 1.7E-05, 2.7E-05, 4.1E-05, 1.1E-05, 1.0E-05, 1.7E+01, 1.7E+01, 1.7E+01, 1.7E+01, 1.7E+01, 1.7E+01, 7.5E-07, 2.2E-07, 5.9E-06, 2.8E+01, 3.3E+01, 3.3E+01, 3.3E+01, 3.3E+01, 3.3E+01, 3.3E+01, 3.3E+01, 3.3E+01, 3.3E+01, 3.3E+01, 3.3E+01, 1.3E-06, 5.1E-07, 5.0E+00, 5.6E+00, 7.0E+00, 8.9E+00, 4.0E-09, 3.3E+01, 3.3E+01, 3.3E+01, 3.3E+01, 3.3E+01, 2.9E-06, 9.8E+00, 9.8E+00, 9.8E+00, 3.3E+01, 3.3E+01, 3.3E+01, 3.3E+01, 3.3E+01, 3.3E+01, 3.3E+01, 3.3E+01, 3.3E+01, 3.3E+01, 3.3E+01, 3.3E+01, 3.3E+01, 3.3E+01, 3.3E+01, 3.3E+01, 3.3E+01, 3.3E+01, 3.3E+01, 3.3E+01, 1.7E+01, 1.7E+01, 1.7E+01, 1.7E+01, 1.7E+01, 1.7E+01, 1.7E+01, 3.1E-06, 5.7E-08, 1.7E-07, 3.0E-06, 4.8E-06, 1.4E-06, 2.4E-06, 3.6E-06, 4.9E-06, 2.4E-05, 4.6E-06, 2.0E-05, 2.7E-05, 3.0E-05, 3.4E-05, 3.5E-05, 4.6E-05, 2.1E-06, 4.5E-06, 8.4E-06, 2.0E-05, 3.0E-05, 4.3E-05, 6.0E-05, 4.0E-05, 7.4E-05, 4.4E-05, 2.3E-05, 1.3E-05, 6.4E-06, 3.0E-06, 6.8E-05, 2.8E-05, 9.2E-07, 3.0E-07, 3.0E-05, 2.0E-05, 1.1E+02, 1.1E+02, 1.1E+02, 1.1E+02, 1.1E+02, 1.1E+02, 1.1E+02, 1.1E+02, 1.1E+02, 1.1E+02, 1.1E+02, 1.1E+02, 1.1E+02, 1.1E+02, 1.1E+02, 1.1E+02, 1.1E+02, 1.1E+02, 1.1E+02, 1.1E+02, 1.1E+02, 1.1E+02, 1.1E+02, 1.1E+02, 1.1E+02, 1.1E+02, 1.1E+02, 1.1E+02, 1.1E+02, 1.1E+02, 1.1E+02, 1.1E+02, 1.1E+02, 3.3E+01, 3.3E+01, 3.3E+01, 3.3E+01, 3.3E+01, 3.3E+01, 3.3E+01, 3.3E+01, 3.3E+01, 3.3E+01, 3.3E+01, 3.3E+01, 5.1E+00, 2.2E-07, 1.3E-07, 1.4E-07, 3.8E-07, 4.8E-06, 4.5E-06, 7.8E-06, 4.0E-07, 3.9E-06, 8.4E-06, 1.5E-06, 3.1E-06, 3.2E-06, 7.7E-06, 2.7E-05, 2.0E-06, 3.9E-06, 1.6E-05, 2.1E-05, 2.0E-05, 6.0E-07, 3.3E+01, 3.3E+01, 3.3E+01, 6.2E-07, 3.3E-07, 1.5E-06, 1.1E-06, 3.3E+01, 3.3E+01, 3.3E+01, 3.3E+01, 3.3E+01, 3.3E+01, 3.3E+01, 3.3E+01, 3.3E+01, 3.3E+01, 3.3E+01, 3.3E+01, 3.3E+01, 3.3E+01, 3.3E+01, 3.3E+01, 3.3E+01, 3.3E+01, 3.3E+01, 1.7E+01, 1.7E+01, 1.7E+01, 1.7E+01, 3.2E-08, 3.2E-08, 3.3E-08, 4.4E-08, 3.6E-07, 1.2E-05, 2.2E-06, 4.9E-06, 4.5E-07, 5.2E-07, 1.7E+01, 1.7E+01, 1.7E+01, 1.7E+01, 3.0E-06, 3.8E-06, 4.7E-06, 4.8E-06, 4.2E-06, 2.2E-07, 4.0E-07, 1.2E-06, 2.4E-06, 1.0E-05, 4.8E-05, 9.2E-07, 8.4E-07, 7.6E-07, 9.0E-07, 1.6E-06, 2.3E-06, 7.9E-06, 4.3E-06, 2.7E-06, 1.8E-06, 1.6E-07, 2.4E-06, 2.5E-06, 6.5E-07, 6.6E-07, 7.2E-07, 7.2E-06, 7.0E-07, 7.7E-07, 5.7E-08, 7.2E-07, 1.0E-07, 2.1E-06, 1.1E-06, 3.5E-06, 2.2E-07, 1.1E+02, 1.1E+02, 1.1E+02, 1.1E+02, 1.1E+02, 1.1E+02, 1.1E+02, 1.1E+02, 1.1E+02, 1.1E+02, 1.1E+02, 1.1E+02, 1.1E+02, 1.1E+02, 1.1E+02, 1.1E+02, 1.1E+02, 1.1E+02, 1.1E+02, 1.1E+02, 1.1E+02, 1.1E+02, 1.1E+02, 1.1E+02, 1.1E+02, 1.1E+02, 1.1E+02, 9.4E-06, 6.0E-06, 5.4E-06, 3.8E-06, 4.5E-06, 8.2E-07, 3.2E-06, 1.3E-05, 2.9E-06, 1.7E-05, 3.6E-05, 6.1E-06, 3.0E-05, 2.6E-05, 3.3E-06, 1.8E-06, 6.2E-07, 7.1E-06, 1.3E-05, 2.7E-07, 2.2E-07, 1.8E-07, 1.5E-06, 2.4E-06, 9.8E+00, 3.1E-07, 1.9E-08, 1.0E-07, 4.4E-06, 7.1E-06, 3.4E-06, 1.3E-06, 4.7E-07, 1.9E-07, 5.1E-07, 6.5E-08, 2.1E-08, 1.9E-07, 5.8E-08, 2.5E-05, 3.3E+01, 3.3E+01, 3.3E+01, 3.3E+01, 3.3E+01, 3.3E+01, 3.3E+01, 3.3E+01, 3.3E+01, 3.3E+01, 3.3E+01, 3.3E+01, 3.3E+01, 3.3E+01, 3.3E+01, 3.3E+01, 3.3E+01, 3.3E+01, 3.3E+01, 3.3E+01, 3.3E+01, 3.3E+01, 3.3E+01, 3.3E+01, 3.3E+01, 3.3E+01, 3.3E+01, 3.3E+01, 3.3E+01, 3.3E+01, 3.3E+01, 3.3E+01, 3.3E+01, 3.3E+01, 3.3E+01, 3.3E+01, 3.3E+01, 3.3E+01, 3.3E+01, 2.8E-06, 1.0E+02, 1.7E-06, 3.9E-06, 3.1E-06, 7.2E-08, 1.1E-07, 1.4E-07, 2.8E-07, 4.8E-06, 4.1E-06, 8.9E-06, 5.5E-07, 4.1E-06, 5.8E-06, 3.5E-05, 2.7E-06, 3.0E-06, 3.3E-06, 3.1E-06, 7.4E-06, 1.7E-05, 3.0E-05, 8.5E-07, 2.1E-06, 8.3E-06, 1.2E-05, 1.3E-05, 1.8E-05, 4.4E-05, 4.5E-05, 2.1E-05, 2.0E-05, 3.4E-06, 1.1E+02, 1.1E+02, 1.1E+02, 1.1E+02, 1.1E+02, 1.1E+02, 1.1E+02, 1.1E+02, 1.1E+02, 1.1E+02, 1.1E+02, 1.1E+02, 1.1E+02, 1.1E+02, 1.1E+02, 1.1E+02, 1.1E+02, 1.1E+02, 1.1E+02, 1.1E+02, 1.1E+02, 1.1E+02, 1.1E+02, 3.3E+01, 3.3E+01, 3.3E+01, 3.3E+01, 9.4E-06, 1.8E-06, 3.0E-06, 1.5E-06, 4.5E-07, 1.7E+01, 2.0E-06, 4.7E-06, 2.0E-07, 1.2E-06, 1.8E-06, 2.8E-06, 1.4E-05, 2.0E-05, 8.9E-07, 5.0E-07, 3.0E-05, 3.2E-05, 3.1E-05, 2.7E-05, 1.9E-06, 3.3E+01, 3.3E+01, 3.3E+01, 1.2E-08, 1.8E-07, 1.4E-06, 2.9E-06, 1.2E-05, 5.3E-06, 7.9E-06, 2.4E-06, 2.8E-06, 2.9E-06, 3.1E-06, 3.1E-06, 3.2E-06, 3.1E-06, 3.1E-06, 2.9E-06, 2.5E-06, 2.7E-06, 4.8E-06, 3.2E-05, 9.8E-07, 1.3E-05, 4.5E-06, 6.5E-05, 3.4E-07, 2.7E-07, 2.5E-07, 1.7E-05, 2.1E-06, 8.7E-07, 7.5E-07, 5.7E-06, 1.4E-06, 1.6E-06, 2.2E-07, 3.3E+01, 3.3E+01, 3.3E+01, 3.3E+01, 3.3E+01, 3.3E+01, 3.3E+01, 3.3E+01, 3.3E+01, 3.3E+01, 3.3E+01, 3.3E+01, 3.3E+01, 3.3E+01, 3.3E+01, 3.3E+01, 3.3E+01, 1.0E+02, 1.0E+02, 1.0E+02, 1.0E+02, 1.0E+02, 1.0E+02, 1.0E+02, 1.0E+02, 1.0E+02, 1.0E+02, 1.0E+02, 1.0E+02, 1.0E+02, 1.0E+02, 1.2E-07, 1.6E-08, 4.5E-08, 7.3E-08, 1.5E-07, 1.5E-07, 1.2E-05, 6.2E-06, 8.4E-06, 7.2E-07, 1.2E-06, 1.8E-06, 2.6E-06, 4.0E-08, 4.2E-08, 1.3E-08, 1.8E-08, 4.1E-08, 6.5E-07, 1.7E-07, 5.3E-07, 8.7E-07, 2.1E-05, 4.9E-05, 4.2E-06, 5.3E-06, 5.0E-06, 7.8E-06, 1.6E-05, 6.2E-06, 8.8E-05, 8.8E-05, 4.0E-05, 4.7E-05, 6.2E-05, 5.2E-05, 7.9E-07, 9.3E-06, 8.4E-07, 8.2E-07, 7.0E-07, 3.2E-08, 1.1E-08, 1.1E-06, 1.2E-06, 1.7E-07, 5.2E-06, 2.7E-07, 4.9E-08, 4.6E-08, 2.5E-08, 1.7E-06, 1.0E-06, 1.0E+02, 1.0E+02, 1.0E+02, 1.0E+02, 1.0E+02, 1.0E+02, 1.0E+02, 1.0E+02, 1.0E+02, 1.0E+02, 1.0E+02, 1.0E+02, 1.0E+02, 3.5E-08, 1.6E-07, 2.1E-08, 5.8E-08, 6.3E-08, 8.4E-08, 1.7E-07, 1.3E-06, 2.0E-07, 1.3E-07, 6.0E-06, 9.9E-08, 1.4E-07, 2.7E-07, 4.5E-07, 6.4E-07, 8.8E-07, 1.2E-06, 4.4E-06, 2.2E-05, 2.9E-07, 3.3E-07, 3.9E-07, 4.7E-07, 1.1E-06, 2.0E-06, 1.3E-06, 4.9E-07, 4.6E-06, 4.0E-06, 3.3E-06, 1.0E+02, 1.0E+02, 1.0E+02, 1.0E+02, 1.0E+02, 1.0E+02, 3.3E+01, 3.3E+01, 1.0E+02, 1.0E+02, 1.0E+02, 1.0E+02, 1.0E+02, 1.0E+02, 1.0E+02, 1.0E+02, 1.0E+02, 1.0E+02, 1.0E+02, 1.0E+02, 1.0E+02, 1.0E+02, 1.0E+02, 1.0E+02, 1.0E+02, 1.0E+02, 1.0E+02, 1.0E+02, 1.0E+02, 1.4E-08, 7.7E-09, 4.5E-06, 1.5E-05, 1.0E-07, 6.9E-08, 9.7E-08, 9.9E-08, 2.3E-06, 4.8E-06, 4.9E-06, 1.3E-05, 3.1E-06, 3.2E-06, 1.2E-05, 9.7E-07, 3.3E-06, 3.1E-06, 2.6E-06, 8.8E-06, 9.0E-06, 2.2E-05, 6.5E-07, 1.5E-06, 8.0E-06, 1.2E-05, 1.4E-05, 1.5E-05, 2.5E-05, 3.6E-05, 1.2E-05, 1.1E-05, 2.2E-05, 1.5E-05, 1.6E-05, 4.2E-05, 2.1E-05, 2.4E-06, 6.6E-07, 4.0E-05, 2.0E-05, 1.7E-06, 1.2E-06, 2.8E-07, 3.3E+01, 3.3E+01, 3.3E+01, 3.3E+01, 3.3E+01, 3.3E+01, 3.3E+01, 3.3E+01, 3.3E+01, 3.3E+01, 3.3E+01, 3.3E+01, 3.3E+01, 3.3E+01, 3.3E+01, 3.3E+01, 3.3E+01, 3.3E+01, 3.3E+01, 3.3E+01, 3.3E+01, 3.3E+01, 3.3E+01, 3.3E+01, 3.3E+01, 3.3E+01, 3.3E+01, 1.7E+01, 1.7E+01, 1.7E+01, 8.0E-06, 1.3E-06, 2.2E-06, 7.9E-06, 6.7E-07, 3.4E-06, 2.3E-06, 5.2E-06, 4.6E-05, 6.4E-06, 1.5E-05, 3.1E-05, 2.6E-05, 2.9E-05, 1.1E+02, 1.1E+02, 1.1E+02, 1.1E+02, 1.1E+02, 1.1E+02, 1.1E+02, 1.1E+02, 1.1E+02, 1.1E+02, 1.1E+02, 1.1E+02, 1.1E+02, 1.1E+02, 2.6E-07, 3.3E+01, 3.3E+01, 3.3E+01, 3.3E+01, 3.3E+01, 3.3E+01, 3.3E+01, 1.1E+02, 1.1E+02, 1.1E+02, 1.1E+02, 1.7E-05, 3.6E-05, 1.2E-05, 2.9E-06, 7.5E-06, 1.2E-06, 4.5E-06, 1.7E+01, 1.7E+01, 1.7E+01, 1.7E+01, 1.7E+01, 1.7E+01, 1.7E+01, 1.7E+01, 2.0E-07, 7.9E-08, 3.3E+01, 3.3E+01, 3.3E+01, 3.3E+01, 3.3E+01, 3.3E+01, 3.3E+01, 3.3E+01, 3.3E+01, 3.3E+01, 3.3E+01, 3.3E+01, 3.3E+01, 3.3E+01, 3.3E+01, 3.3E+01, 3.3E+01, 3.3E+01, 3.3E+01, 3.3E+01, 3.3E+01, 3.3E+01, 3.3E+01, 3.3E+01, 3.3E+01, 3.3E+01, 3.3E+01, 3.3E+01, 3.3E+01, 1.2E-05, 2.8E-06, 3.0E-06, 7.0E-06, 7.0E-06, 6.6E-06, 1.0E-06, 4.5E-07, 2.5E-06, 3.9E-06, 6.7E-06, 4.8E-07, 1.2E-06, 3.0E-06, 4.0E-06, 2.8E-06, 3.4E-06, 1.0E-05, 2.1E-05, 3.0E-05, 1.8E-06, 7.6E-07, 8.7E-07, 1.4E-06, 1.6E-06, 2.2E-06, 2.9E-05, 1.2E-06, 8.2E-07, 7.2E-07, 6.6E-07, 5.6E-07, 2.9E-05, 1.9E-05, 4.7E-06, 2.0E-06, 1.5E-06, 9.3E-07, 4.1E-07, 1.1E-05, 2.9E-06, 3.5E-07, 1.3E-07, 1.3E-09, 1.1E-10, 1.0E+02, 1.0E+02, 1.0E+02, 1.0E+02, 1.0E+02, 1.0E+02, 1.0E+02, 1.0E+02, 1.0E+02, 1.0E+02, 1.0E+02, 1.0E+02, 1.0E+02, 1.0E+02, 1.0E+02, 1.0E+02, 1.0E+02, 1.5E-06, 1.7E-06, 2.9E-06, 3.9E-06, 9.1E-06, 1.2E-07, 9.5E-08, 2.0E-07, 2.8E-07, 9.8E-06, 9.1E-06, 6.5E-06, 1.1E-06, 1.6E-06, 2.3E-06, 2.5E-06, 3.9E-08, 3.7E-08, 1.8E-07, 1.8E-05, 5.0E-08, 1.2E-06, 5.0E-07, 5.5E-07, 4.2E-08, 2.0E-07, 6.3E-07, 5.6E-07, 1.3E-07, 7.5E-07, 3.9E-07, 1.8E-06, 1.3E-06, 1.3E-08, 5.1E-07, 1.6E-07, 3.9E-08, 1.0E+02, 1.0E+02, 3.3E+01, 3.3E+01, 3.3E+01, 3.3E+01, 3.3E+01, 3.3E+01, 3.3E+01, 3.3E+01, 3.3E+01, 3.3E+01, 3.3E+01, 3.3E+01, 3.3E+01, 3.3E+01, 3.3E+01, 3.3E+01, 3.3E+01, 3.3E+01, 3.3E+01, 3.3E+01, 3.3E+01, 3.3E+01, 3.3E+01, 3.3E+01, 3.3E+01, 3.3E+01, 3.3E+01, 3.5E-07, 1.2E-07, 2.5E-06, 2.0E-06, 5.4E-08, 1.1E-07, 1.2E-07, 4.1E-06, 3.1E-09, 1.1E-05, 3.2E-06, 4.2E-06, 5.3E-07, 3.3E-06, 3.1E-06, 8.0E-06, 1.8E-05, 9.2E-07, 1.1E-05, 2.0E-05, 2.6E-05, 3.4E-05, 4.5E-05, 4.8E-05, 5.4E-05, 3.1E-06, 4.3E-06, 1.1E-05, 9.7E-06, 1.3E-05, 1.8E-05, 3.5E-05, 2.9E-05, 1.3E-05, 9.4E-06, 5.9E-06, 4.1E-06, 1.1E-06, 5.5E-05, 1.1E+02, 1.1E+02, 1.1E+02, 1.1E+02, 1.1E+02, 1.1E+02, 1.1E+02, 1.1E+02, 1.1E+02, 1.1E+02, 1.1E+02, 1.1E+02, 1.1E+02, 1.1E+02, 1.1E+02, 1.1E+02, 1.1E+02, 1.1E+02, 1.1E+02, 1.1E+02, 1.1E+02, 1.1E+02, 1.1E+02, 1.1E+02, 1.1E+02, 1.1E+02, 1.1E+02, 3.3E+01, 3.3E+01, 3.3E+01, 3.3E+01, 3.3E+01, 3.3E+01, 3.3E+01, 3.3E+01, 3.3E+01, 3.3E+01, 3.3E+01, 3.3E+01, 3.3E+01, 3.3E+01, 3.3E+01, 3.3E+01, 3.3E+01, 3.3E+01, 3.3E+01, 3.3E+01, 3.3E+01, 3.3E+01, 3.3E+01, 1.3E-07, 4.0E-06, 3.2E-06, 6.7E-06, 1.5E-07, 2.4E-06, 3.6E-06, 2.0E-05, 2.4E-06, 3.6E-06, 2.4E-06, 7.6E-06, 3.6E-05, 4.4E-06, 6.3E-06, 1.7E-05, 2.2E-05, 1.9E-05, 2.9E-05, 3.4E-05, 3.1E-05, 4.0E-06, 6.9E-07, 3.3E+01, 3.3E+01, 3.3E+01, 3.3E+01, 3.2E-07, 2.5E-06, 6.9E-06, 2.2E-05, 3.0E-05, 2.8E-05, 1.8E-05, 3.8E-06, 1.8E-06, 3.3E+01, 3.3E+01, 3.3E+01, 3.3E+01, 3.3E+01, 3.3E+01, 3.3E+01, 3.3E+01, 3.3E+01, 3.3E+01, 3.3E+01, 3.3E+01, 3.3E+01, 3.3E+01, 3.3E+01, 3.3E+01, 3.3E+01, 3.3E+01, 3.3E+01, 3.3E+01, 3.3E+01, 3.3E+01, 8.5E-07, 2.4E-07, 9.2E-06, 2.3E-05, 2.7E-07, 5.5E-07, 3.9E-06, 1.9E-07, 8.0E-06, 1.6E-06, 2.9E-06, 2.9E-06, 4.1E-06, 4.4E-06, 4.3E-06, 4.7E-06, 1.1E-07, 1.9E-07, 1.3E-07, 2.1E-06, 7.8E-07, 9.8E-07, 1.1E-07, 2.9E-06, 2.3E-06, 1.1E+02, 1.1E+02, 1.1E+02, 1.1E+02, 1.1E+02, 1.1E+02, 1.1E+02, 1.1E+02, 1.1E+02, 1.1E+02, 1.1E+02, 1.1E+02, 1.1E+02, 1.1E+02, 1.1E+02, 1.1E+02, 1.1E+02, 6.5E+01, 6.5E-06, 1.3E-06, 9.4E-07, 3.3E+01, 3.3E+01, 3.3E+01, 3.3E+01, 3.3E+01, 3.3E+01, 3.3E+01, 3.3E+01, 3.3E+01, 3.3E+01, 3.3E+01, 3.3E+01, 3.1E-05, 3.2E-05, 1.9E-06, 1.5E-06, 1.6E-06, 4.2E-06, 5.5E-07, 4.0E-07, 1.3E-06, 1.1E-06, 6.1E-06, 1.4E-05, 1.2E-05, 2.6E-07, 3.0E-07, 5.1E-07, 4.8E-07, 4.5E-07, 4.6E-07, 7.9E-07, 2.7E-07, 2.1E-07, 2.0E-07, 6.1E-07, 1.1E-06, 2.2E-07, 8.9E-07, 2.5E-07, 1.2E-06, 1.7E+01, 9.6E-09, 2.6E-07, 1.5E-08, 2.3E-08, 1.2E-07, 3.8E-07, 1.1E-05, 7.3E-06, 2.6E-06, 4.3E-05, 3.3E+01, 3.3E+01, 3.3E+01, 3.3E+01, 3.3E+01, 3.3E+01, 3.3E+01, 3.3E+01, 3.3E+01, 3.3E+01, 3.3E+01, 1.1E+02, 1.1E+02, 1.1E+02, 1.1E+02, 1.1E+02, 1.1E+02, 1.1E+02, 1.1E+02, 1.1E+02, 1.1E+02, 1.1E+02, 1.1E+02, 1.1E+02, 1.0E+02, 1.0E+02, 1.0E+02, 1.0E+02, 1.0E+02, 1.0E+02, 1.0E+02, 1.0E+02, 1.0E+02, 1.0E+02, 1.0E+02, 9.0E-08, 1.0E-06, 4.9E-06, 5.2E-06, 3.7E-05, 4.7E-07, 1.3E-06, 2.8E-06, 4.1E-08, 4.0E-08, 6.7E-08, 1.2E-07, 4.4E-07, 4.7E-06, 5.7E-06, 1.9E-07, 3.8E-06, 5.3E-06, 1.3E-05, 1.5E-06, 3.4E-06, 3.2E-06, 6.6E-06, 1.8E-05, 3.8E-06, 1.8E-06, 1.4E-05, 1.8E-05, 4.8E-05, 2.0E-05, 2.7E-05, 2.9E-05, 3.3E-05, 3.2E-05, 3.3E-05, 3.2E-05, 3.0E-05, 2.6E-05, 2.0E-05, 1.3E-05, 2.1E-05, 1.4E-05, 3.1E-06, 3.1E-06, 3.8E-05, 1.5E-05, 1.8E-06, 1.4E-06, 3.2E-06, 3.0E-07, 2.7E-06, 3.7E-07, 2.5E-07, 2.0E-07, 3.0E-07, 3.3E+01, 3.3E+01, 3.3E+01, 3.3E+01, 3.3E+01, 3.3E+01, 3.3E+01, 3.3E+01, 3.3E+01, 3.3E+01, 3.3E+01, 3.3E+01, 3.3E+01, 3.3E+01, 3.3E+01, 3.3E+01, 3.3E+01, 3.3E+01, 3.3E+01, 3.3E+01, 3.3E+01, 3.3E+01, 3.3E+01, 3.3E+01, 3.3E+01, 1.0E+02, 3.3E+01, 1.0E+02, 1.0E+02, 1.0E+02, 1.0E+02, 1.0E+02, 1.0E+02, 1.0E+02, 1.0E+02, 1.0E+02, 1.6E-07, 2.2E-07, 5.5E-07, 1.8E-06, 3.0E-06, 3.1E-06, 3.0E-06, 3.2E-07, 3.2E-06, 1.2E-07, 4.3E-07, 7.7E-07, 1.1E-06, 8.4E-07, 4.9E-07, 3.9E-07, 6.2E-07, 6.6E-07, 4.7E-05, 3.7E-05, 3.3E-05, 1.6E-06, 1.4E-06, 1.1E+02, 1.1E+02, 1.1E+02, 1.1E+02, 1.1E+02, 1.1E+02, 1.1E+02, 1.1E+02, 1.1E+02, 3.3E+01, 3.3E+01, 3.3E+01, 3.3E+01, 3.3E+01, 2.0E-06, 2.4E-06, 1.1E-06, 1.1E-06, 6.0E-06, 4.9E-07, 3.5E-07, 3.5E-05, 3.8E-05, 3.5E-05, 2.3E-05, 5.4E-06, 4.5E-06, 3.3E+01, 3.3E+01, 3.3E+01, 3.3E+01, 3.3E+01, 3.3E+01, 3.3E+01, 3.3E+01, 3.3E+01, 3.3E+01, 3.3E+01, 3.3E+01, 3.3E+01, 3.3E+01, 3.3E+01, 3.3E+01, 3.3E+01, 3.3E+01, 3.3E+01, 3.3E+01, 3.3E+01, 3.3E+01, 3.3E+01, 3.3E+01, 3.3E+01, 3.3E+01, 3.3E+01, 9.4E-07, 6.9E-07, 3.9E-06, 3.1E-06, 7.7E-06, 1.1E-05, 4.3E-07, 6.2E-07, 1.5E-06, 2.1E-06, 2.5E-06, 1.6E-05, 1.5E-05, 3.1E-05, 7.5E-07, 1.5E-06, 6.9E-06, 3.7E-05, 2.2E-05, 2.6E-05, 3.6E-05, 1.4E-05, 1.7E-05, 1.8E-05, 1.7E-05, 1.5E-05, 1.3E-05, 1.3E-05, 2.3E-05, 3.2E-06, 1.1E-05, 3.3E-06, 4.5E-06, 6.8E-07, 2.8E-05, 6.9E-06, 2.4E-07, 1.6E-07, 3.5E-06, 6.6E-08, 8.6E-10, 1.0E+02, 1.0E+02, 1.0E+02, 1.0E+02, 1.0E+02, 1.0E+02, 1.0E+02, 1.0E+02, 1.0E+02, 1.0E+02, 1.0E+02, 1.0E+02, 1.0E+02, 1.0E+02, 1.0E+02, 1.0E+02, 1.0E+02, 3.3E-07, 3.4E-07, 2.2E-07, 6.6E-07, 1.9E-06, 1.9E-06, 9.6E-06, 5.4E-06, 2.3E-07, 2.9E-05, 2.5E-05, 4.4E-06, 1.2E-05, 1.2E-06, 1.6E-06, 2.1E-06, 2.5E-08, 2.9E-06, 3.8E-08, 4.0E-08, 4.6E-08, 9.2E-07, 2.4E-08, 3.0E-07, 4.4E-07, 3.8E-07, 4.5E-07, 2.6E-05, 7.2E-07, 1.6E-06, 4.1E-07, 1.6E-06, 5.1E-07, 1.7E-08, 1.0E-08, 6.0E-07, 3.7E-07, 1.9E-07, 3.3E-08, 4.4E-08, 1.9E-06, 1.0E+02, 1.0E+02, 3.3E+01, 3.3E+01, 3.3E+01, 3.3E+01, 3.3E+01, 1.8E+01, 9.8E+00, 9.8E+00, 9.8E+00, 3.3E+01, 9.6E+00, 1.7E+01, 1.7E+01, 1.7E+01, 1.7E+01, 3.3E+01, 3.3E+01, 3.3E+01, 3.3E+01, 3.3E+01, 3.3E+01, 3.3E+01, 3.3E+01, 3.3E+01, 3.3E+01, 3.3E+01, 3.3E+01, 3.3E+01, 3.3E+01, 3.3E+01, 3.3E+01, 3.3E+01, 3.3E+01, 3.3E+01, 3.3E+01, 3.3E+01, 3.3E+01, 3.3E+01, 3.3E+01, 3.3E+01, 3.3E+01, 4.2E-07, 1.3E-07, 8.7E-08, 9.4E-07, 1.0E+02, 1.0E+02, 1.5E-09, 2.0E-07, 3.6E-06, 2.4E-05, 7.0E-07, 3.7E-06, 3.6E-06, 3.5E-06, 1.5E-05, 5.2E-06, 6.5E-06, 1.8E-05, 3.9E-05, 2.6E-05, 2.7E-05, 3.3E-05, 3.5E-05, 3.5E-05, 3.9E-05, 4.4E-05, 4.9E-05, 4.7E-05, 4.7E-05, 4.7E-05, 4.5E-05, 3.1E-05, 1.7E-07, 6.4E-07, 1.6E-07, 3.3E+01, 3.3E+01, 3.3E+01, 3.3E+01, 3.3E+01, 3.3E+01, 3.3E+01, 3.3E+01, 3.3E+01, 3.3E+01, 3.3E+01, 3.3E+01, 3.3E+01, 1.1E+02, 1.1E+02, 1.1E+02, 1.1E+02, 1.1E+02, 1.1E+02, 1.1E+02, 1.1E+02, 1.1E+02, 1.1E+02, 1.1E+02, 1.1E+02, 1.1E+02, 1.1E+02, 1.1E+02, 1.1E+02, 1.1E+02, 3.5E-05, 1.1E-06, 2.7E-05, 3.3E-05, 3.2E-05, 3.1E-05, 3.0E-05, 5.2E-05, 9.8E-05, 3.5E-06, 4.0E-06, 1.1E-05, 2.9E-05, 1.2E-06, 1.7E-06, 1.9E-05, 1.7E-06, 1.7E-06, 1.4E-05, 1.6E-07, 3.3E+01, 3.3E+01, 3.3E+01, 3.3E+01, 3.3E+01, 3.3E+01, 3.3E+01, 2.4E-05, 1.5E-07, 2.3E-07, 4.4E-07, 1.1E+02, 2.5E-06, 4.5E-07, 7.7E-05, 2.4E-06, 2.8E-05, 2.5E-05, 2.5E-06, 8.5E-06, 7.8E-06, 3.4E-06, 7.5E-07, 1.2E-05, 3.3E+01, 3.3E+01, 3.3E+01, 3.3E+01, 3.3E+01, 3.3E+01, 3.3E+01, 3.3E+01, 3.3E+01, 3.3E+01, 3.3E+01, 3.3E+01, 3.3E+01, 3.3E+01, 3.3E+01, 3.3E+01, 3.3E+01, 3.3E+01, 3.3E+01, 3.3E+01, 3.3E+01, 3.3E+01, 3.3E+01, 3.3E+01, 3.3E+01, 1.7E+01, 1.6E-07, 2.8E-07, 1.3E-06, 1.7E-06, 1.6E-05, 3.6E-05, 1.5E-05, 3.3E-05, 3.6E-05, 3.4E-05, 3.6E-06, 1.1E-04, 7.0E-06, 6.3E-05, 1.5E-06, 2.0E-06, 6.1E-05, 2.9E-06, 2.9E-06, 4.5E-06, 6.4E-08, 5.4E-08, 1.6E-07, 5.2E-07, 9.3E-07, 1.7E-06, 1.9E-06, 1.7E-06, 6.8E-07, 5.0E-07, 2.4E-07, 3.2E-08, 4.5E-08, 3.5E-06, 3.5E-06, 3.6E-06, 6.2E-06, 3.3E-06, 1.1E+02, 1.1E+02, 1.1E+02, 1.1E+02, 1.1E+02, 1.1E+02, 1.1E+02, 1.1E+02, 1.1E+02, 1.1E+02, 1.1E+02, 1.1E+02, 1.1E+02, 1.1E+02, 1.1E+02, 1.1E+02, 1.1E+02, 1.1E+02, 3.3E+01, 3.3E+01, 3.3E+01, 3.3E+01, 3.3E+01, 6.0E-06, 8.4E-07, 9.2E-07, 2.9E-06, 5.4E-06, 1.4E-05, 8.4E-05, 1.9E-06, 2.5E-06, 4.7E-06, 8.1E-07, 7.1E-07, 6.6E-07, 3.5E-05, 1.4E-06, 1.9E-05, 2.5E-05, 2.2E-05, 1.5E-06, 1.0E-06, 6.4E-07, 8.9E-07, 1.1E-06, 4.5E-07, 4.4E-07, 2.8E-07, 8.2E-07, 4.7E-07, 1.6E-08, 8.9E-08, 2.7E-07, 6.1E-07, 6.7E-08, 1.7E-07, 4.0E-07, 1.7E+01, 1.7E+01, 1.7E+01, 1.7E+01, 6.5E-07, 3.8E-07, 1.5E-05, 9.3E-06, 1.4E-06, 4.6E-05, 9.8E-06, 4.9E-07, 2.6E+01, 3.3E+01, 1.1E+02, 1.1E+02, 1.1E+02, 1.1E+02, 1.1E+02, 1.1E+02, 1.1E+02, 1.1E+02, 1.1E+02, 1.1E+02, 1.1E+02, 1.0E+02, 1.0E+02, 1.0E+02, 1.0E+02, 1.0E+02, 1.0E+02, 1.0E+02, 1.0E+02, 1.0E+02, 1.0E+02, 1.0E+02, 1.0E+02, 1.0E+02, 1.0E+02, 1.0E+02, 1.0E+02, 1.0E+02, 4.4E-09, 5.1E-08, 5.6E-07, 2.3E-06, 3.3E+01, 3.3E+01, 3.3E+01, 1.7E+01, 1.7E+01, 1.4E-05, 8.7E-06, 1.7E-07, 1.5E-07, 3.6E-06, 2.3E-06, 1.4E-06, 1.7E-06, 2.7E-07, 8.2E-08, 3.0E-06, 3.5E-06, 7.7E-06, 2.3E-07, 2.9E-06, 6.3E-06, 6.9E-07, 2.6E-06, 2.0E-06, 2.0E-06, 1.1E-05, 1.4E-05, 6.2E-05, 4.1E-06, 6.9E-06, 1.2E-05, 1.8E-05, 1.9E-05, 3.7E-05, 2.2E-05, 2.5E-05, 2.5E-05, 2.4E-05, 2.5E-05, 2.6E-05, 2.6E-05, 9.8E+00, 9.8E+00, 9.8E+00, 1.4E-05, 9.0E-07, 1.7E+01, 1.7E+01, 1.7E+01, 3.3E+01, 3.3E+01, 3.3E+01, 3.3E+01, 3.3E+01, 3.3E+01, 3.3E+01, 3.3E+01, 3.3E+01, 3.3E+01, 3.3E+01, 3.3E+01, 3.3E+01, 3.3E+01, 3.3E+01, 3.3E+01, 3.3E+01, 3.3E+01, 3.3E+01, 3.3E+01, 3.3E+01, 3.3E+01, 3.3E+01, 3.3E+01, 3.3E+01, 3.3E+01, 3.3E+01, 3.3E+01, 5.6E-07, 5.6E-06, 5.1E-06, 3.9E-06, 8.5E-06, 1.8E-05, 3.6E-06, 5.6E-06, 1.1E+02, 1.1E+02, 1.1E+02, 1.1E+02, 1.1E+02, 1.1E+02, 1.1E+02, 1.1E+02, 1.1E+02, 1.1E+02, 1.1E+02

Carbohydrate Events (79 total):
  - Week 1 Day 1 07:35: 83.2g (breakfast)
  - Week 1 Day 1 09:52: 18.4g (morning_snack)
  - Week 1 Day 1 12:15: 111.5g (lunch)
  - Week 1 Day 1 15:55: 15.2g (afternoon_snack)
  - Week 1 Day 1 19:32: 82.4g (dinner)
  - Week 1 Day 2 06:53: 101.0g (breakfast)
  - Week 1 Day 2 09:13: 18.4g (morning_snack)
  - Week 1 Day 2 12:46: 80.8g (lunch)
  - Week 1 Day 2 15:18: 11.4g (afternoon_snack)
  - Week 1 Day 2 19:23: 101.4g (dinner)
  - Week 1 Day 3 06:36: 106.3g (breakfast)
  - Week 1 Day 3 09:07: 11.8g (morning_snack)
  - Week 1 Day 3 13:04: 103.4g (lunch)
  - Week 1 Day 3 16:38: 15.4g (afternoon_snack)
  - Week 1 Day 3 19:39: 89.7g (dinner)
  - Week 1 Day 4 07:27: 89.7g (breakfast)
  - Week 1 Day 4 10:32: 16.8g (morning_snack)
  - Week 1 Day 4 12:43: 113.1g (lunch)
  - Week 1 Day 4 16:44: 10.1g (afternoon_snack)
  - Week 1 Day 4 19:56: 118.8g (dinner)
  - Week 1 Day 5 07:58: 112.7g (breakfast)
  - Week 1 Day 5 09:23: 14.8g (morning_snack)
  - Week 1 Day 5 12:16: 84.0g (lunch)
  - Week 1 Day 5 15:27: 13.3g (afternoon_snack)
  - Week 1 Day 5 19:05: 109.5g (dinner)
  - Week 1 Day 6 06:42: 81.2g (breakfast)
  - Week 1 Day 6 09:59: 13.8g (morning_snack)
  - Week 1 Day 6 13:26: 112.7g (lunch)
  - Week 1 Day 6 15:55: 10.5g (afternoon_snack)
  - Week 1 Day 6 19:52: 113.5g (dinner)
  - Week 1 Day 7 07:16: 85.7g (breakfast)
  - Week 1 Day 7 10:35: 18.0g (morning_snack)
  - Week 1 Day 7 12:29: 86.5g (lunch)
  - Week 1 Day 7 15:06: 14.9g (afternoon_snack)
  - Week 1 Day 7 18:46: 106.7g (dinner)
  - Week 2 Day 1 06:38: 115.2g (breakfast)
  - Week 2 Day 1 10:05: 20.0g (morning_snack)
  - Week 2 Day 1 13:47: 86.1g (lunch)
  - Week 2 Day 1 15:06: 11.7g (afternoon_snack)
  - Week 2 Day 1 20:00: 112.7g (dinner)
  - Week 2 Day 2 07:01: 82.0g (breakfast)
  - Week 2 Day 2 09:06: 10.1g (morning_snack)
  - Week 2 Day 2 14:00: 86.5g (lunch)
  - Week 2 Day 2 15:50: 13.1g (afternoon_snack)
  - Week 2 Day 2 19:23: 119.6g (dinner)
  - Week 2 Day 3 06:53: 80.0g (breakfast)
  - Week 2 Day 3 10:20: 13.0g (morning_snack)
  - Week 2 Day 3 13:58: 108.7g (lunch)
  - Week 2 Day 3 15:21: 19.8g (afternoon_snack)
  - Week 2 Day 3 18:23: 90.9g (dinner)
  - Week 2 Day 4 07:30: 110.3g (breakfast)
  - Week 2 Day 4 09:30: 19.3g (morning_snack)
  - Week 2 Day 4 12:15: 81.6g (lunch)
  - Week 2 Day 4 15:27: 19.6g (afternoon_snack)
  - Week 2 Day 4 18:16: 105.5g (dinner)
  - Week 2 Day 5 06:29: 111.5g (breakfast)
  - Week 2 Day 5 09:55: 19.8g (morning_snack)
  - Week 2 Day 5 12:14: 110.3g (lunch)
  - Week 2 Day 5 15:23: 10.2g (afternoon_snack)
  - Week 2 Day 5 19:03: 81.6g (dinner)
  - Week 2 Day 6 07:04: 104.6g (breakfast)
  - Week 2 Day 6 09:33: 16.8g (morning_snack)
  - Week 2 Day 6 12:25: 88.5g (lunch)
  - Week 2 Day 6 15:37: 20.0g (afternoon_snack)
  - Week 2 Day 6 18:20: 109.9g (dinner)
  - Week 2 Day 7 06:00: 106.3g (breakfast)
  - Week 2 Day 7 09:06: 12.8g (morning_snack)
  - Week 2 Day 7 12:41: 84.0g (lunch)
  - Week 2 Day 7 17:00: 12.9g (afternoon_snack)
  - Week 2 Day 7 19:44: 113.1g (dinner)
  - Week 3 Day 1 07:36: 100.6g (breakfast)
  - Week 3 Day 1 09:55: 12.0g (morning_snack)
  - Week 3 Day 1 12:03: 115.2g (lunch)
  - Week 3 Day 1 16:58: 10.4g (afternoon_snack)
  - Week 3 Day 1 18:32: 118.4g (dinner)
  - Week 3 Day 2 06:42: 116.0g (breakfast)
  - Week 3 Day 2 10:09: 14.0g (morning_snack)
  - Week 3 Day 2 12:40: 97.0g (lunch)
  - Week 3 Day 2 16:04: 18.3g (afternoon_snack)

Running Events (16 total):
 - Week 1 Day 1 06:22: Running avg speed 5.0 mph for 30 min
 - Week 1 Day 2 06:22: Running avg speed 5.0 mph for 30 min
 - Week 1 Day 3 06:22: Running avg speed 5.0 mph for 30 min
 - Week 1 Day 4 06:22: Running avg speed 5.0 mph for 30 min
 - Week 1 Day 5 06:22: Running avg speed 5.0 mph for 30 min
 - Week 1 Day 6 06:22: Running avg speed 5.0 mph for 30 min
 - Week 1 Day 7 06:22: Running avg speed 5.0 mph for 30 min
 - Week 2 Day 1 06:22: Running avg speed 5.0 mph for 30 min
 - Week 2 Day 2 06:22: Running avg speed 5.0 mph for 30 min
 - Week 2 Day 3 06:22: Running avg speed 5.0 mph for 30 min
 - Week 2 Day 4 06:22: Running avg speed 5.0 mph for 30 min
 - Week 2 Day 5 06:22: Running avg speed 5.0 mph for 30 min
 - Week 2 Day 6 06:22: Running avg speed 5.0 mph for 30 min
 - Week 2 Day 7 06:22: Running avg speed 5.0 mph for 30 min
 - Week 3 Day 1 06:22: Running avg speed 5.0 mph for 30 min
 - Week 3 Day 2 06:22: Running avg speed 5.0 mph for 30 min

Cycling Events (15 total):
  - Week 1 Day 1 16:26: Cycling avg power 90.0 for 20 min
  - Week 1 Day 2 16:01: Cycling avg power 90.0 for 20 min
  - Week 1 Day 3 17:12: Cycling avg power 90.0 for 20 min
  - Week 1 Day 4 17:38: Cycling avg power 90.0 for 20 min
  - Week 1 Day 5 16:49: Cycling avg power 90.0 for 20 min
  - Week 1 Day 6 17:44: Cycling avg power 90.0 for 20 min
  - Week 1 Day 7 16:14: Cycling avg power 90.0 for 20 min
  - Week 2 Day 1 16:36: Cycling avg power 90.0 for 20 min
  - Week 2 Day 2 17:28: Cycling avg power 90.0 for 20 min
  - Week 2 Day 3 16:40: Cycling avg power 90.0 for 20 min
  - Week 2 Day 4 17:47: Cycling avg power 90.0 for 20 min
  - Week 2 Day 5 17:46: Cycling avg power 90.0 for 20 min
  - Week 2 Day 6 17:29: Cycling avg power 90.0 for 20 min
  - Week 2 Day 7 17:32: Cycling avg power 90.0 for 20 min
  - Week 3 Day 1 17:24: Cycling avg power 90.0 for 20 min



Question: What’s the expected glucose change 1 hour after a evening cycling session?

Instructions: Assume the cycling exercise event starts immedietly and the cycling duration is 20 minutes. Predict the change in blood glucose values in the next 60 minutes after the cycling session.

Expected Answer Type: float

Example Answer: -30.885223474815948

Please analyze the data carefully and provide your answer as a **json object** in the exact format specified by the answer type. Be precise and base your response only on the data provided.

Conclude your analysis with: 
```json 
{"answer": your answer here}
```